001 p.png (134,100)
002 p.png (534,100)
003 p.png (934,100)
004 p.png (1334,100)
005 p.png (1734,100)
006 p.png (2134,100)
007 p.png (2534,100)
008 p.png (2934,100)
009 p.png (3334,100)
010 p.png (3734,100)
011 p.png (4134,100)
012 p.png (4534,100)
013 p.png (4934,100)
014 p.png (5334,100)
015 p.png (5734,100)
016 p.png (6134,100)

017 p.png (134,500)
018 p.png (534,500)
019 p.png (934,500)
020 p.png (1334,500)
021 p.png (1734,500)
022 p.png (2134,500)
023 p.png (2534,500)
024 p.png (2934,500)
025 p.png (3334,500)
026 p.png (3734,500)
027 p.png (4134,500)
028 p.png (4534,500)
029 p.png (4934,500)
030 p.png (5334,500)
031 p.png (5734,500)
032 p.png (6134,500)
 
033 p.png (134,900)
034 p.png (534,900)
035 p.png (934,900)
036 p.png (1334,900)
037 p.png (1734,900)
038 p.png (2134,900)
039 p.png (2534,900)
040 p.png (2934,900)
041 p.png (3334,900)
042 p.png (3734,900)
043 p.png (4134,900)
044 p.png (4534,900)
045 p.png (4934,900)
046 p.png (5334,900)
047 p.png (5734,900)
048 p.png (6134,900)

049 p.png (134,1300)
050 p.png (534,1300)
051 p.png (934,1300)
052 p.png (1334,1300)
053 p.png (1734,1300)
054 p.png (2134,1300)
055 p.png (2534,1300)
056 p.png (2934,1300)
057 p.png (3334,1300)
058 p.png (3734,1300)
059 p.png (4134,1300)
060 p.png (4534,1300)
061 p.png (4934,1300)
062 p.png (5334,1300)
063 p.png (5734,1300)
064 p.png (6134,1300)

065 p.png (134,1700)
066 p.png (534,1700)
067 p.png (934,1700)
068 p.png (1334,1700)
069 p.png (1734,1700)
070 p.png (2134,1700)
071 p.png (2534,1700)
072 p.png (2934,1700)
073 p.png (3334,1700)
074 p.png (3734,1700)
075 p.png (4134,1700)
076 p.png (4534,1700)
077 p.png (4934,1700)
078 p.png (5334,1700)
079 p.png (5734,1700)
080 p.png (6134,1700)

081 p.png (134,2100)
082 p.png (534,2100)
083 p.png (934,2100)
084 p.png (1334,2100)
085 p.png (1734,2100)
086 p.png (2134,2100)
087 p.png (2534,2100)
088 p.png (2934,2100)
089 p.png (3334,2100)
090 p.png (3734,2100)
091 p.png (4134,2100)
092 p.png (4534,2100)
093 p.png (4934,2100)
094 p.png (5334,2100)
095 p.png (5734,2100)
096 p.png (6134,2100)

097 p.png (134,2500)
098 p.png (534,2500)
099 p.png (934,2500)
100 p.png (1334,2500)
101 p.png (1734,2500)
102 p.png (2134,2500)
103 p.png (2534,2500)
104 p.png (2934,2500)
105 p.png (3334,2500)
106 p.png (3734,2500)
107 p.png (4134,2500)
108 p.png (4534,2500)
109 p.png (4934,2500)
110 p.png (5334,2500)
111 p.png (5734,2500)
112 p.png (6134,2500)


113 p.png (134,2900)
114 p.png (534,2900)
115 p.png (934,2900)
116 p.png (1334,2900)
117 p.png (1734,2900)
118 p.png (2134,2900)
119 p.png (2534,2900)
120 p.png (2934,2900)
121 p.png (3334,2900)
122 p.png (3734,2900)
123 p.png (4134,2900)
124 p.png (4534,2900)
125 p.png (4934,2900)
126 p.png (5334,2900)
127 p.png (5734,2900)
128 p.png (6134,2900)

001 n.png (134,250)
002 n.png (534,250)
003 n.png (934,250)
004 n.png (1334,250)
005 n.png (1734,250)
006 n.png (2134,250)
007 n.png (2534,250)
008 n.png (2934,250)
009 n.png (3334,250)
010 n.png (3734,250)
011 n.png (4134,250)
012 n.png (4534,250)
013 n.png (4934,250)
014 n.png (5334,250)
015 n.png (5734,250)
016 n.png (6134,250)

017 n.png (134,650)
018 n.png (534,650)
019 n.png (934,650)
020 n.png (1334,650)
021 n.png (1734,650)
022 n.png (2134,650)
023 n.png (2534,650)
024 n.png (2934,650)
025 n.png (3334,650)
026 n.png (3734,650)
027 n.png (4134,650)
028 n.png (4534,650)
029 n.png (4934,650)
030 n.png (5334,650)
031 n.png (5734,650)
032 n.png (6134,650)
 
033 n.png (134,1050)
034 n.png (534,1050)
035 n.png (934,1050)
036 n.png (1334,1050)
037 n.png (1734,1050)
038 n.png (2134,1050)
039 n.png (2534,1050)
040 n.png (2934,1050)
041 n.png (3334,1050)
042 n.png (3734,1050)
043 n.png (4134,1050)
044 n.png (4534,1050)
045 n.png (4934,1050)
046 n.png (5334,1050)
047 n.png (5734,1050)
048 n.png (6134,1050)

049 n.png (134,1450)
050 n.png (534,1450)
051 n.png (934,1450)
052 n.png (1334,1450)
053 n.png (1734,1450)
054 n.png (2134,1450)
055 n.png (2534,1450)
056 n.png (2934,1450)
057 n.png (3334,1450)
058 n.png (3734,1450)
059 n.png (4134,1450)
060 n.png (4534,1450)
061 n.png (4934,1450)
062 n.png (5334,1450)
063 n.png (5734,1450)
064 n.png (6134,1450)

065 n.png (134,1850)
066 n.png (534,1850)
067 n.png (934,1850)
068 n.png (1334,1850)
069 n.png (1734,1850)
070 n.png (2134,1850)
071 n.png (2534,1850)
072 n.png (2934,1850)
073 n.png (3334,1850)
074 n.png (3734,1850)
075 n.png (4134,1850)
076 n.png (4534,1850)
077 n.png (4934,1850)
078 n.png (5334,1850)
079 n.png (5734,1850)
080 n.png (6134,1850)

081 n.png (134,2250)
082 n.png (534,2250)
083 n.png (934,2250)
084 n.png (1334,2250)
085 n.png (1734,2250)
086 n.png (2134,2250)
087 n.png (2534,2250)
088 n.png (2934,2250)
089 n.png (3334,2250)
090 n.png (3734,2250)
091 n.png (4134,2250)
092 n.png (4534,2250)
093 n.png (4934,2250)
094 n.png (5334,2250)
095 n.png (5734,2250)
096 n.png (6134,2250)

097 n.png (134,2650)
098 n.png (534,2650)
099 n.png (934,2650)
100 n.png (1334,2650)
101 n.png (1734,2650)
102 n.png (2134,2650)
103 n.png (2534,2650)
104 n.png (2934,2650)
105 n.png (3334,2650)
106 n.png (3734,2650)
107 n.png (4134,2650)
108 n.png (4534,2650)
109 n.png (4934,2650)
110 n.png (5334,2650)
111 n.png (5734,2650)
112 n.png (6134,2650)

113 n.png (134,3050)
114 n.png (534,3050)
115 n.png (934,3050)
116 n.png (1334,3050)
117 n.png (1734,3050)
118 n.png (2134,3050)
119 n.png (2534,3050)
120 n.png (2934,3050)
121 n.png (3334,3050)
122 n.png (3734,3050)
123 n.png (4134,3050)
124 n.png (4534,3050)
125 n.png (4934,3050)
126 n.png (5334,3050)
127 n.png (5734,3050)
128 n.png (6134,3050)


halo_CON.png (530,496)
halo_EMP.png (2130,2096)
halo_REP.png (3730,496)
halo_MEG.png (5330,2096)



