020 Maia  (1226,601)  (1224,504)  (1222,412)  (1310,414)  (1400,414)  (1491,413)  (1489,510)  (1490,604)
011 Nashira  (4025,204)  (4024,110)  (4024,110)  (4025,15)  (4114,17)  (4204,17)  (4295,16)  (4295,108)  (4292,201)
009 Vindemiatrix  (3223,207)  (3222,112)  (3223,20)  (3317,21)  (3403,19)  (3491,20)  (3491,109)  (3490,205)
017 Lesath  (26,604)  (25,508)  (28,414)  (114,416)  (200,417)  (287,415)  (287,508)  (287,599)
119 Toliman  (2426,3005)  (2424,2906)  (2428,2813)  (2519,2814)  (2610,2813)  (2700,2813)  (2698,2908)  (2695,3003)
049 Thuban  (25,1405)  (26,1312)  (28,1216)  (113,1215)  (199,1215)  (288,1216)  (287,1309)  (287,1402)
034 Furud  (428,1004)  (427,909)  (429,817)  (516,819)  (602,818)  (690,818)  (689,912)  (688,1007)
066 Castor  (428,1801)  (428,1701)  (429,1612)  (514,1613)  (603,1613)  (692,1615)  (693,1713)  (691,1807)
097 Deneb  (27,2602)  (26,2505)  (26,2411)  (112,2411)  (199,2413)  (286,2416)  (290,2511)  (288,2608)
127 Hadar  (5625,3002)  (5625,2902)  (5627,2811)  (5718,2813)  (5807,2817)  (5896,2812)  (5894,2907)  (5896,3003)
083 Pollux  (825,2203)  (824,2108)  (826,2014)  (913,2013)  (998,2016)  (1087,2014)  (1086,2108)  (1085,2201)
108 Alioth  (4424,2603)  (4424,2506)  (4423,2411)  (4513,2414)  (4603,2415)  (4696,2413)  (4697,2513)  (4694,2605)
042 Alrakis  (3625,1004)  (3626,908)  (3626,815)  (3716,815)  (3804,815)  (3892,814)  (3892,908)  (3892,1003)
023 Jabbah  (2426,603)  (2426,509)  (2426,415)  (2426,415)  (2514,415)  (2600,414)  (2687,414)  (2686,508)  (2687,601)
126 Yildun  (5225,3004)  (5225,2909)  (5227,2814)  (5314,2816)  (5402,2817)  (5491,2814)  (5491,2911)  (5489,3005)
013 Brachium  (4826,199)  (4825,103)  (4826,13)  (4914,14)  (5003,14)  (5092,14)  (5092,111)  (5092,207)
063 Corvus  (5622,1405)  (5622,1310)  (5623,1217)  (5709,1217)  (5796,1217)  (5886,1217)  (5885,1312)  (5888,1405)
045 Jih  (4826,1005)  (4826,910)  (4826,814)  (4914,817)  (5003,816)  (5093,816)  (5091,913)  (5090,1009)
005 Gemma  (1625,204)  (1626,109)  (1628,17)  (1720,18)  (1810,19)  (1898,19)  (1898,110)  (1897,201)
074 Circinus  (3626,1805)  (3628,1710)  (3627,1614)  (3714,1613)  (3801,1613)  (3889,1613)  (3887,1710)  (3886,1807)
038 Zedaron  (2024,1006)  (2025,911)  (2025,816)  (2110,817)  (2199,818)  (2286,818)  (2287,910)  (2287,1001)
052 Tegemen  (1225,1404)  (1225,1307)  (1227,1212)  (1316,1213)  (1403,1215)  (1490,1215)  (1490,1311)  (1486,1406)
080 Nihal  (6022,1805)  (6023,1707)  (6022,1613)  (6108,1614)  (6194,1614)  (6281,1614)  (6285,1709)  (6292,1804)
003 Matar  (827,201)  (827,109)  (826,18)  (917,18)  (1003,15)  (1094,20)  (1092,107)  (1095,195)
078 Segin  (5225,1806)  (5226,1710)  (5226,1612)  (5313,1613)  (5401,1613)  (5490,1614)  (5489,1712)  (5492,1808)
043 Avior  (4026,1002)  (4026,906)  (4026,812)  (4122,815)  (4211,816)  (4298,817)  (4297,911)  (4298,1002)
060 Adhara  (4426,1404)  (4427,1308)  (4429,1213)  (4516,1214)  (4602,1213)  (4690,1213)  (4690,1305)  (4688,1399)
091 Lacerta  (4027,2203)  (4027,2107)  (4028,2012)  (4114,2014)  (4202,2015)  (4293,2016)  (4293,2113)  (4290,2206)
089 Volans  (3226,2206)  (3226,2112)  (3226,2017)  (3313,2018)  (3399,2019)  (3486,2017)  (3486,2113)  (3486,2206)
062 Nunki  (5226,1404)  (5227,1308)  (5227,1213)  (5313,1214)  (5400,1214)  (5486,1215)  (5485,1311)  (5487,1405)
051 Keid  (826,1402)  (826,1305)  (828,1212)  (915,1213)  (1002,1215)  (1089,1214)  (1090,1311)  (1090,1408)
033 Tabit  (26,1003)  (28,910)  (29,815)  (117,814)  (204,819)  (293,820)  (292,913)  (289,1005)
041 Tarf  (3227,1008)  (3227,911)  (3227,816)  (3313,815)  (3403,819)  (3493,821)  (3496,916)  (3496,1007)
008 Izar  (2825,209)  (2826,114)  (2826,19)  (2917,20)  (3010,21)  (3097,20)  (3098,118)  (3096,207)
040 Spica  (2825,1004)  (2826,908)  (2827,814)  (2916,816)  (3006,818)  (3093,816)  (3090,913)  (3091,1008)
054 Bellatrix  (2025,1403)  (2026,1310)  (2027,1214)  (2116,1215)  (2202,1214)  (2290,1215)  (2289,1309)  (2290,1404)
068 Rotanev  (1226,1804)  (1225,1711)  (1223,1618)  (1311,1617)  (1400,1617)  (1489,1617)  (1490,1713)  (1489,1807)
105 Baham  (3226,2603)  (3225,2507)  (3225,2411)  (3314,2413)  (3400,2413)  (3490,2414)  (3490,2513)  (3488,2607)
084 Mira  (1227,2201)  (1226,2108)  (1226,2014)  (1313,2014)  (1399,2013)  (1488,2013)  (1486,2104)  (1487,2198)
050 Chara  (427,1406)  (428,1310)  (430,1216)  (518,1216)  (606,1216)  (693,1218)  (691,1314)  (690,1408)
123 Atlas  (4027,3003)  (4026,2909)  (4028,2814)  (4118,2815)  (4206,2815)  (4293,2815)  (4296,2911)  (4294,3006)
001 Graffias  (14,16)  (99,15)  (186,15)  (273,15)  (16,102)  (16,193)  (289,104)  (291,196)
128 Gomeisa  (6026,3006)  (6025,2909)  (6024,2814)  (6110,2815)  (6198,2817)  (6287,2814)  (6291,2908)  (6286,3002)
104 Acamar  (2826,2600)  (2826,2500)  (2824,2411)  (2914,2413)  (3003,2413)  (3094,2414)  (3095,2512)  (3095,2606)
031 Tyl  (5626,604)  (5626,508)  (5628,414)  (5718,415)  (5804,416)  (5893,417)  (5892,511)  (5890,604)
014 Botein  (5228,201)  (5227,107)  (5228,13)  (5313,12)  (5401,13)  (5492,15)  (5493,109)  (5494,203)
087 Etamin  (2426,2206)  (2426,2111)  (2429,2014)  (2517,2015)  (2604,2016)  (2691,2014)  (2689,2110)  (2687,2203)
096 Sadira  (6026,2204)  (6026,2109)  (6025,2013)  (6113,2013)  (6203,2015)  (6291,2017)  (6291,2115)  (6293,2211)
025 Pulcherrim  (3226,605)  (3227,511)  (3229,416)  (3316,418)  (3401,418)  (3487,420)  (3483,513)  (3480,605)
039 Tania  (2426,1004)  (2425,909)  (2425,813)  (2512,815)  (2602,814)  (2691,813)  (2691,911)  (2690,1006)
065 Saiph  (25,1806)  (26,1711)  (28,1614)  (116,1616)  (205,1617)  (294,1616)  (292,1713)  (291,1805)
085 Zuben  (1627,2204)  (1625,2108)  (1628,2013)  (1715,2013)  (1802,2015)  (1889,2013)  (1889,2109)  (1888,2202)
092 Merak  (4427,2201)  (4426,2104)  (4427,2012)  (4517,2013)  (4606,2013)  (4696,2012)  (4695,2106)  (4695,2200)
061 Diadem  (4825,1402)  (4826,1306)  (4827,1213)  (4913,1215)  (5000,1215)  (5088,1215)  (5089,1309)  (5089,1403)
047 Dziban  (5624,1001)  (5624,903)  (5623,811)  (5711,813)  (5798,816)  (5890,815)  (5889,912)  (5889,1010)
024 Talitha  (2827,600)  (2825,506)  (2826,411)  (2913,412)  (3001,413)  (3088,413)  (3089,507)  (3091,600)
114 Ukdah  (428,3003)  (429,2905)  (429,2905)  (428,2814)  (515,2814)  (602,2816)  (692,2815)  (693,2913)  (692,3009)
125 Edasich  (4827,3004)  (4829,2906)  (4830,2813)  (4919,2814)  (5008,2815)  (5096,2814)  (5096,2911)  (5096,3007)
115 Syrma  (828,3004)  (826,2910)  (826,2814)  (913,2815)  (1001,2816)  (1090,2815)  (1090,2914)  (1088,3010)
015 Gianfar  (5626,204)  (5625,111)  (5625,15)  (5712,16)  (5801,18)  (5889,16)  (5888,111)  (5887,204)
026 Ksora  (3627,603)  (3628,510)  (3630,417)  (3715,418)  (3805,419)  (3894,419)  (3893,514)  (3891,607)
088 Kastra  (2826,2203)  (2825,2109)  (2825,2015)  (2914,2016)  (3002,2016)  (3091,2016)  (3089,2111)  (3089,2205)
055 Merope  (2425,1406)  (2425,1309)  (2426,1214)  (2513,1214)  (2601,1215)  (2689,1214)  (2685,1312)  (2687,1405)
116 Vega  (1229,3006)  (1228,2908)  (1227,2813)  (1315,2815)  (1403,2813)  (1490,2812)  (1491,2906)  (1489,3000)
081 Rukbat  (26,2205)  (26,2103)  (26,2012)  (113,2013)  (197,2013)  (283,2013)  (281,2106)  (282,2201)
100 Grumium  (1225,2606)  (1225,2510)  (1226,2414)  (1314,2415)  (1404,2415)  (1492,2415)  (1492,2511)  (1492,2607)
016 Zosma  (6028,204)  (6028,109)  (6028,13)  (6117,14)  (6204,12)  (6293,15)  (6291,111)  (6290,202)
059 Ain  (4027,1401)  (4027,1304)  (4031,1211)  (4118,1211)  (4204,1214)  (4289,1213)  (4286,1312)  (4288,1406)
070 Pavo  (2025,1804)  (2026,1711)  (2027,1616)  (2116,1617)  (2203,1618)  (2291,1616)  (2289,1714)  (2289,1806)
121 Meissa  (3224,3003)  (3224,2904)  (3227,2812)  (3315,2813)  (3402,2814)  (3492,2815)  (3491,2911)  (3487,3007)
090 Procyon  (3627,2205)  (3626,2111)  (3622,2014)  (3711,2014)  (3799,2013)  (3888,2013)  (3888,2109)  (3891,2204)
053 Cynosura  (1625,1405)  (1624,1310)  (1623,1214)  (1712,1217)  (1802,1219)  (1889,1215)  (1891,1310)  (1889,1404)
012 Kleeia  (4425,203)  (4426,106)  (4426,11)  (4515,13)  (4604,14)  (4692,14)  (4692,107)  (4694,201)
035 Sheliak  (826,1005)  (826,912)  (826,819)  (912,820)  (1000,821)  (1087,821)  (1086,918)  (1087,1011)
006 Auva  (2025,201)  (2024,99)  (2023,12)  (2118,14)  (2205,14)  (2298,15)  (2297,104)  (2293,199)
111 Skat  (5625,2605)  (5626,2510)  (5628,2412)  (5714,2414)  (5802,2414)  (5893,2413)  (5893,2509)  (5893,2608)
022 Antares  (2027,601)  (2028,503)  (2028,412)  (2115,413)  (2115,413)  (2201,414)  (2287,414)  (2285,505)  (2285,597)
064 Zaurak  (6026,1404)  (6024,1308)  (6021,1213)  (6109,1213)  (6198,1213)  (6286,1213)  (6288,1309)  (6292,1402)
095 Wei  (5625,2205)  (5625,2110)  (5625,2014)  (5712,2014)  (5799,2015)  (5889,2014)  (5889,2113)  (5888,2209)
099 Nekkar  (826,2605)  (827,2506)  (829,2411)  (918,2413)  (1006,2416)  (1095,2414)  (1095,2515)  (1091,2609)
077 Vulpecula  (4826,1804)  (4825,1709)  (4824,1614)  (4913,1615)  (5000,1616)  (5089,1617)  (5090,1712)  (5089,1806)
030 Lynx  (5224,603)  (5223,507)  (5222,412)  (5309,414)  (5397,415)  (5484,415)  (5486,511)  (5486,606)
113 Arcturis  (23,3001)  (20,2904)  (20,2812)  (108,2814)  (197,2812)  (286,2812)  (285,2907)  (286,3004)
004 Kochab  (1226,200)  (1225,108)  (1222,17)  (1316,17)  (1408,17)  (1499,17)  (1498,106)  (1496,196)
057 Mothallah  (3225,1407)  (3225,1312)  (3226,1219)  (3312,1217)  (3397,1217)  (3488,1218)  (3488,1315)  (3487,1407)
106 Heka  (3624,2608)  (3624,2513)  (3624,2416)  (3709,2417)  (3795,2416)  (3884,2415)  (3887,2512)  (3889,2608)
079 Ascella  (5626,1802)  (5626,1703)  (5628,1611)  (5717,1612)  (5804,1613)  (5890,1612)  (5893,1705)  (5893,1797)
032 Cursa  (6026,603)  (6025,511)  (6027,418)  (6113,420)  (6201,421)  (6291,421)  (6291,517)  (6292,608)
103 Kraz  (2424,2602)  (2425,2506)  (2424,2412)  (2511,2413)  (2599,2415)  (2686,2417)  (2690,2517)  (2688,2614)
044 Ceginus  (4427,1004)  (4427,906)  (4426,813)  (4514,814)  (4600,814)  (4688,814)  (4687,907)  (4686,1008)
010 Homam  (3625,204)  (3625,112)  (3625,19)  (3716,18)  (3800,17)  (3889,17)  (3890,109)  (3889,200)
117 Indus  (1627,3002)  (1626,2908)  (1626,2811)  (1712,2812)  (1798,2812)  (1888,2813)  (1891,2908)  (1892,3006)
071 Ushakaran  (2425,1804)  (2424,1707)  (2424,1612)  (2511,1613)  (2597,1614)  (2686,1612)  (2684,1710)  (2681,1803)
018 Asterion  (425,598)  (427,504)  (428,412)  (515,412)  (603,413)  (691,413)  (688,507)  (688,601)
093 Kuma  (4825,2206)  (4825,2110)  (4825,2013)  (4914,2014)  (5003,2014)  (5094,2015)  (5092,2109)  (5091,2204)
069 Dubhe  (1626,1802)  (1626,1705)  (1627,1612)  (1714,1612)  (1800,1615)  (1887,1616)  (1885,1714)  (1885,1810)
082 Cheleb  (424,2202)  (424,2108)  (423,2012)  (509,2014)  (592,2012)  (678,2012)  (678,2105)  (680,2198)
048 Errai  (6026,1003)  (6025,909)  (6025,813)  (6113,814)  (6202,815)  (6290,816)  (6290,910)  (6288,1004)
029 Subra  (4826,604)  (4825,511)  (4825,414)  (4913,415)  (5000,419)  (5088,415)  (5085,513)  (5087,610)
107 Pleione  (4027,2603)  (4027,2509)  (4024,2415)  (4115,2414)  (4203,2418)  (4291,2416)  (4292,2508)  (4291,2604)
072 Mimosa  (2827,1808)  (2827,1712)  (2830,1614)  (2917,1614)  (3002,1615)  (3088,1615)  (3087,1709)  (3085,1807)
122 Dabih  (3626,3004)  (3625,2905)  (3625,2812)  (3713,2815)  (3801,2815)  (3891,2813)  (3896,2910)  (3893,3008)
046 Gatria  (5227,1005)  (5229,909)  (5229,814)  (5317,814)  (5405,814)  (5492,815)  (5492,914)  (5489,1009)
019 Hamal  (826,603)  (826,507)  (828,413)  (916,413)  (1006,415)  (1093,415)  (1092,508)  (1092,600)
067 Aquila  (824,1802)  (824,1705)  (824,1612)  (912,1612)  (998,1613)  (1084,1614)  (1087,1707)  (1089,1803)
007 Scheddi  (2423,204)  (2422,110)  (2423,19)  (2515,20)  (2601,18)  (2691,20)  (2690,112)  (2691,204)
086 Zhou  (2026,2206)  (2025,2109)  (2026,2014)  (2113,2017)  (2200,2016)  (2288,2015)  (2287,2109)  (2286,2203)
037 Rana  (1625,1004)  (1624,907)  (1626,812)  (1713,812)  (1800,815)  (1887,815)  (1889,909)  (1886,1002)
021 Norma  (1626,600)  (1627,503)  (1630,412)  (1718,412)  (1804,412)  (1891,412)  (1888,508)  (1888,600)
036 Rigel  (1226,1005)  (1225,907)  (1226,815)  (1314,817)  (1402,816)  (1490,817)  (1489,912)  (1488,1008)
058 Zibal  (3626,1404)  (3627,1309)  (3627,1213)  (3715,1216)  (3805,1217)  (3893,1214)  (3893,1317)  (3891,1408)
124 Murzim  (4428,3004)  (4427,2908)  (4428,2814)  (4515,2814)  (4601,2816)  (4691,2813)  (4692,2910)  (4691,3005)
120 Phact  (2826,3004)  (2826,2906)  (2827,2812)  (2914,2812)  (3001,2813)  (3087,2812)  (3094,2907)  (3091,3001)
110 Sterope  (5228,2604)  (5230,2510)  (5228,2415)  (5317,2416)  (5405,2416)  (5493,2416)  (5494,2513)  (5491,2611)
109 Tureis  (4827,2604)  (4827,2509)  (4827,2414)  (4914,2415)  (5000,2415)  (5091,2414)  (5087,2510)  (5086,2609)
076 Yed  (4426,1804)  (4427,1709)  (4428,1612)  (4515,1615)  (4601,1615)  (4688,1613)  (4687,1709)  (4684,1803)
075 Capella  (4026,1804)  (4026,1706)  (4026,1612)  (4113,1612)  (4199,1613)  (4286,1613)  (4287,1710)  (4284,1806)
094 Hydrobius  (5226,2205)  (5224,2109)  (5222,2013)  (5309,2013)  (5397,2013)  (5485,2015)  (5487,2108)  (5488,2202)
112 Sinistra  (6025,2602)  (6024,2506)  (6023,2412)  (6112,2412)  (6200,2414)  (6289,2414)  (6289,2508)  (6287,2608)
118 Wasat  (2026,3006)  (2027,2909)  (2027,2811)  (2114,2813)  (2201,2814)  (2290,2814)  (2293,2915)  (2291,3015)
073 Atik  (3225,1805)  (3225,1707)  (3224,1612)  (3311,1613)  (3396,1613)  (3484,1612)  (3482,1709)  (3480,1805)
102 Fomalhaut  (2026,2606)  (2027,2510)  (2026,2411)  (2113,2413)  (2199,2413)  (2287,2414)  (2287,2514)  (2290,2611)
056 Unuk  (2828,1403)  (2827,1308)  (2829,1215)  (2918,1216)  (3005,1217)  (3093,1217)  (3093,1312)  (3093,1406)
098 Regulus  (424,2604)  (423,2507)  (425,2414)  (513,2415)  (600,2416)  (691,2415)  (692,2513)  (694,2612)
027 Electra  (4027,603)  (4026,507)  (4025,413)  (4112,414)  (4201,413)  (4288,414)  (4288,509)  (4287,602)
028 Azaleh  (4424,605)  (4424,507)  (4428,412)  (4515,415)  (4603,414)  (4691,415)  (4688,512)  (4687,606)
101 Kitalpha  (1625,2601)  (1624,2507)  (1624,2413)  (1712,2414)  (1801,2415)  (1890,2416)  (1889,2513)  (1893,2608)
002 Pyxis  (427,207)  (429,108)  (428,16)  (519,15)  (608,16)  (697,16)  (696,107)  (695,196)
Grumium  (1227,2705)  (1284,2705)  (1342,2705)  (1400,2705)  (1457,2705)  (1514,2705)
Merope  (2427,1508)  (2485,1507)  (2542,1506)  (2599,1505)  (2657,1506)  (2715,1509)
Procyon  (3628,2306)  (3684,2305)  (3743,2306)  (3800,2304)  (3858,2303)  (3915,2303)
Izar  (2829,307)  (2885,307)  (2942,305)  (3001,305)  (3057,306)  (3115,305)
Volans  (3228,2306)  (3285,2306)  (3343,2306)  (3402,2307)  (3460,2306)  (3517,2307)
Dubhe  (1628,1905)  (1684,1905)  (1741,1907)  (1798,1906)  (1854,1906)  (1911,1904)
Kochab  (1227,308)  (1286,308)  (1345,309)  (1404,310)  (1463,309)  (1518,309)
Hydrobius  (5228,2305)  (5286,2308)  (5344,2305)  (5402,2307)  (5459,2311)  (5516,2304)
Rigel  (1227,1108)  (1284,1108)  (1341,1108)  (1398,1108)  (1455,1109)  (1513,1109)
Capella  (4028,1907)  (4087,1908)  (4144,1909)  (4203,1908)  (4260,1909)  (4318,1908)
Zuben  (1627,2306)  (1683,2305)  (1739,2305)  (1797,2304)  (1854,2304)  (1911,2305)
Atik  (3227,1904)  (3283,1905)  (3341,1905)  (3399,1906)  (3455,1906)  (3514,1906)
Alrakis  (3628,1107)  (3684,1106)  (3741,1108)  (3798,1107)  (3854,1112)  (3912,1104)
Nashira  (4028,305)  (4086,305)  (4144,305)  (4204,305)  (4262,305)  (4319,304)
Murzim  (4429,3105)  (4487,3105)  (4544,3105)  (4604,3105)  (4663,3106)  (4718,3107)
Tarf  (3227,1108)  (3285,1108)  (3342,1108)  (3400,1109)  (3457,1109)  (3515,1111)
Botein  (5227,306)  (5285,306)  (5345,306)  (5401,306)  (5459,305)  (5516,308)
Saiph  (27,1908)  (84,1906)  (141,1906)  (200,1906)  (258,1909)  (316,1906)
Mimosa  (2827,1905)  (2885,1904)  (2942,1906)  (3001,1907)  (3059,1906)  (3116,1906)
Ushakaran  (2430,1906)  (2487,1905)  (2543,1906)  (2600,1906)  (2657,1906)  (2716,1905)
Kastra  (2827,2307)  (2885,2305)  (2941,2308)  (2997,2308)  (3054,2309)  (3111,2308)
Hamal  (828,706)  (885,707)  (941,707)  (997,705)  (1054,706)  (1113,705)
Lacerta  (4028,2307)  (4086,2306)  (4143,2306)  (4201,2306)  (4259,2306)  (4317,2305)
Thuban  (28,1508)  (85,1508)  (143,1506)  (202,1508)  (259,1509)  (318,1509)
Zhou  (2030,2308)  (2086,2309)  (2142,2308)  (2199,2306)  (2256,2305)  (2314,2305)
Aquila  (828,1906)  (884,1904)  (940,1906)  (996,1907)  (1053,1907)  (1111,1906)
Gemma  (1630,311)  (1688,310)  (1747,311)  (1806,311)  (1864,311)  (1920,310)
Ain  (4028,1506)  (4084,1508)  (4141,1507)  (4199,1507)  (4256,1507)  (4314,1507)
Furud  (428,1104)  (485,1105)  (543,1105)  (600,1105)  (658,1105)  (715,1103)
Nihal  (6030,1905)  (6087,1905)  (6144,1904)  (6202,1907)  (6261,1906)  (6317,1904)
Errai  (6030,1107)  (6087,1106)  (6145,1106)  (6204,1107)  (6263,1110)  (6319,1108)
Zosma  (6028,305)  (6086,304)  (6144,307)  (6202,303)  (6260,306)  (6317,305)
Indus  (1629,3106)  (1685,3109)  (1743,3106)  (1800,3105)  (1859,3106)  (1916,3106)
Zedaron  (2028,1107)  (2086,1107)  (2142,1106)  (2199,1109)  (2257,1107)  (2316,1106)
Matar  (827,309)  (884,309)  (944,308)  (1002,308)  (1059,309)  (1116,310)
Mira  (1228,2307)  (1285,2306)  (1342,2306)  (1400,2306)  (1458,2305)  (1515,2305)
Tyl  (5627,706)  (5683,706)  (5740,706)  (5797,705)  (5854,705)  (5912,707)
Pollux  (829,2304)  (887,2304)  (946,2305)  (1004,2305)  (1061,2305)  (1117,2305)
Meissa  (3228,3107)  (3287,3104)  (3347,3105)  (3406,3105)  (3465,3105)  (3519,3104)
Asterion  (428,706)  (485,706)  (543,706)  (600,706)  (656,706)  (428,766)  (485,766)  (543,766)  (600,766)  (656,766)  (715,707)  (715,767)
Electra  (4027,704)  (4083,704)  (4141,708)  (4200,704)  (4259,705)  (4315,704)
Bellatrix  (2026,1510)  (2083,1506)  (2140,1506)  (2198,1505)  (2256,1507)  (2316,1508)
Wasat  (2027,3108)  (2085,3109)  (2144,3110)  (2201,3109)  (2260,3109)  (2317,3110)
Baham  (3228,2704)  (3286,2705)  (3343,2707)  (3399,2706)  (3457,2707)  (3515,2706)
Rukbat  (30,2305)  (87,2305)  (144,2306)  (203,2305)  (260,2306)  (316,2306)
Keid  (828,1506)  (886,1506)  (944,1508)  (1000,1507)  (1060,1506)  (1118,1505)
Azaleh  (4427,706)  (4485,706)  (4543,707)  (4602,706)  (4660,706)  (4716,704)
Nunki  (5228,1508)  (5285,1506)  (5342,1505)  (5399,1505)  (5458,1507)  (5515,1507)
Spica  (2827,1108)  (2885,1108)  (2943,1107)  (3002,1108)  (3060,1108)  (3116,1108)
Kitalpha  (1628,2705)  (1685,2706)  (1744,2706)  (1802,2705)  (1859,2708)  (1917,2705)
Circinus  (3629,1908)  (3687,1907)  (3744,1910)  (3802,1909)  (3859,1909)  (3916,1908)
Sinistra  (6028,2706)  (6085,2706)  (6144,2706)  (6204,2706)  (6264,2707)  (6319,2706)
Graffias  (30,305)  (100,305)  (170,305)  (240,305)  (30,380)  (100,380)  (170,380)  (240,380)  (310,380)
Pleione  (4028,2709)  (4084,2709)  (4141,2707)  (4200,2708)  (4257,2708)  (4315,2708)
Toliman  (2429,3107)  (2486,3109)  (2543,3108)  (2602,3109)  (2661,3107)  (2719,3107)
Ukdah  (428,3106)  (485,3106)  (544,3106)  (602,3105)  (659,3110)  (716,3108)
Corvus  (5627,1506)  (5684,1505)  (5741,1506)  (5799,1505)  (5856,1507)  (5913,1505)
Merak  (4428,2306)  (4487,2306)  (4544,2305)  (4601,2305)  (4659,2305)  (4715,2305)
Gatria  (5227,1107)  (5286,1106)  (5343,1105)  (5401,1109)  (5458,1104)  (5515,1107)
Alioth  (4429,2706)  (4485,2707)  (4542,2705)  (4598,2707)  (4654,2708)  (4713,2708)
Tureis  (4829,2707)  (4888,2707)  (4948,2707)  (5008,2706)  (5064,2707)  (5118,2705)
Fomalhaut  (2027,2705)  (2083,2707)  (2140,2708)  (2196,2707)  (2253,2706)  (2312,2708)
Jabbah  (2429,706)  (2486,705)  (2542,705)  (2600,706)  (2657,706)  (2715,706)
Mothallah  (3227,1509)  (3283,1509)  (3341,1508)  (3399,1506)  (3457,1513)  (3515,1508)
Vindemiatrix  (3227,307)  (3285,307)  (3342,305)  (3399,307)  (3455,307)  (3515,306)
Hadar  (5629,3106)  (5686,3106)  (5744,3105)  (5802,3107)  (5860,3105)  (5916,3107)
Zaurak  (6029,1506)  (6086,1506)  (6145,1506)  (6202,1507)  (6259,1505)  (6317,1504)
Norma  (1627,704)  (1683,706)  (1740,706)  (1798,706)  (1855,706)  (1913,705)
Dziban  (5629,1107)  (5686,1108)  (5744,1106)  (5803,1108)  (5860,1104)  (5916,1109)
Scheddi  (2427,305)  (2486,305)  (2544,304)  (2602,306)  (2659,306)  (2716,306)
Tegemen  (1228,1509)  (1286,1509)  (1346,1509)  (1404,1508)  (1463,1509)  (1519,1509)
Adhara  (4428,1504)  (4486,1505)  (4545,1506)  (4603,1507)  (4661,1507)  (4717,1508)
Sheliak  (829,1104)  (886,1104)  (943,1106)  (1000,1106)  (1058,1108)  (1115,1105)
Heka  (3628,2707)  (3685,2707)  (3742,2708)  (3799,2708)  (3857,2708)  (3915,2706)
Pulcherrim  (3229,706)  (3285,705)  (3341,704)  (3397,706)  (3454,708)  (3512,707)
Tabit  (29,1106)  (87,1104)  (145,1106)  (203,1104)  (260,1110)  (317,1103)
Gianfar  (5627,306)  (5683,306)  (5739,306)  (5796,305)  (5853,305)  (5911,304)
Rana  (1626,1105)  (1684,1106)  (1740,1106)  (1798,1106)  (1855,1108)  (1914,1108)
Cynosura  (1628,1511)  (1685,1512)  (1742,1510)  (1799,1509)  (1856,1507)  (1914,1507)
Deneb  (27,2704)  (85,2704)  (142,2704)  (200,2705)  (257,2704)  (314,2707)
Vega  (1229,3107)  (1286,3107)  (1343,3108)  (1401,3107)  (1458,3106)  (1516,3110)
Subra  (4828,705)  (4885,705)  (4943,705)  (5001,704)  (5057,704)  (5115,703)
Zibal  (3627,1508)  (3685,1508)  (3744,1508)  (3802,1507)  (3860,1507)  (3917,1505)
Lynx  (5228,704)  (5285,704)  (5343,705)  (5402,706)  (5460,705)  (5517,705)
Homam  (3629,308)  (3687,308)  (3745,309)  (3802,309)  (3860,309)  (3917,307)
Cheleb  (427,2304)  (484,2305)  (542,2306)  (600,2306)  (657,2306)  (715,2305)
Jih  (4827,1105)  (4883,1105)  (4941,1106)  (4999,1105)  (5056,1108)  (5114,1107)
Ksora  (3629,706)  (3685,706)  (3743,705)  (3801,704)  (3859,704)  (3916,705)
Nekkar  (828,2704)  (886,2705)  (944,2707)  (1002,2706)  (1059,2705)  (1116,2704)
Ascella  (5631,1905)  (5689,1905)  (5747,1905)  (5805,1905)  (5863,1906)  (5919,1905)
Antares  (2030,709)  (2088,709)  (2146,708)  (2202,710)  (2259,706)  (2317,704)
Cursa  (6029,708)  (6086,708)  (6143,707)  (6201,710)  (6258,709)  (6316,708)
Gomeisa  (6028,3106)  (6084,3107)  (6141,3106)  (6199,3106)  (6257,3107)  (6316,3107)
Regulus  (427,2705)  (484,2706)  (543,2706)  (600,2706)  (658,2706)  (716,2706)
Arcturis  (26,3108)  (83,3108)  (140,3111)  (197,3109)  (255,3107)  (314,3106)
Auva  (2027,310)  (2085,310)  (2146,310)  (2202,308)  (2260,306)  (2317,306)
Segin  (5227,1906)  (5285,1907)  (5343,1907)  (5400,1906)  (5458,1906)  (5517,1906)
Atlas  (4028,3106)  (4086,3106)  (4143,3105)  (4200,3106)  (4258,3105)  (4316,3104)
Chara  (428,1506)  (485,1505)  (542,1510)  (599,1508)  (657,1506)  (715,1504)
Yed  (4427,1904)  (4484,1904)  (4541,1904)  (4599,1905)  (4657,1904)  (4716,1904)
Vulpecula  (4829,1904)  (4886,1904)  (4944,1905)  (5003,1904)  (5060,1904)  (5118,1904)
Brachium  (4827,305)  (4883,306)  (4943,306)  (5002,307)  (5059,307)  (5117,306)
Kraz  (2430,2706)  (2486,2704)  (2544,2704)  (2602,2703)  (2660,2704)  (2717,2708)
Ceginus  (4427,1106)  (4486,1106)  (4544,1107)  (4604,1107)  (4661,1108)  (4717,1108)
Wei  (5629,2305)  (5687,2305)  (5745,2305)  (5804,2304)  (5861,2306)  (5917,2306)
Lesath  (29,705)  (86,706)  (143,705)  (200,707)  (258,705)  (314,705)
Dabih  (3627,3103)  (3686,3104)  (3744,3105)  (3803,3104)  (3863,3103)  (3920,3104)
Diadem  (4827,1507)  (4883,1506)  (4940,1507)  (4997,1507)  (5054,1507)  (5113,1506)
Skat  (5630,2706)  (5689,2706)  (5746,2705)  (5803,2711)  (5860,2706)  (5916,2708)
Maia  (1228,706)  (1285,705)  (1343,704)  (1399,706)  (1457,704)  (1514,704)
Etamin  (2428,2304)  (2485,2304)  (2541,2302)  (2597,2307)  (2654,2308)  (2713,2307)
Unuk  (2827,1506)  (2884,1507)  (2942,1506)  (2999,1506)  (3055,1508)  (3115,1505)
Pavo  (2027,1906)  (2084,1905)  (2141,1905)  (2199,1905)  (2259,1905)  (2317,1905)
Kleeia  (4427,307)  (4485,307)  (4543,307)  (4601,305)  (4657,305)  (4715,305)
Rotanev  (1228,1906)  (1286,1905)  (1343,1906)  (1402,1906)  (1459,1906)  (1516,1907)
Syrma  (829,3108)  (886,3109)  (942,3109)  (1001,3110)  (1058,3111)  (1115,3107)
Castor  (427,1907)  (485,1907)  (542,1907)  (601,1908)  (660,1909)  (717,1909)
Yildun  (5227,3107)  (5284,3106)  (5342,3106)  (5400,3106)  (5458,3106)  (5515,3106)
Phact  (2828,3106)  (2886,3106)  (2944,3107)  (3003,3107)  (3061,3109)  (3117,3106)
Tania  (2428,1106)  (2486,1106)  (2542,1106)  (2599,1106)  (2656,1106)  (2715,1107)
Acamar  (2829,2704)  (2885,2705)  (2942,2705)  (2999,2704)  (3056,2705)  (3113,2706)
Talitha  (2826,707)  (2884,707)  (2941,706)  (2999,707)  (3056,707)  (3115,707)
Sterope  (5227,2705)  (5283,2707)  (5341,2706)  (5398,2706)  (5456,2706)  (5515,2706)
Sadira  (6028,2305)  (6086,2304)  (6144,2306)  (6202,2305)  (6260,2304)  (6317,2303)
Edasich  (4828,3106)  (4885,3106)  (4941,3106)  (4998,3107)  (5055,3107)  (5115,3107)
Kuma  (4828,2306)  (4885,2305)  (4941,2306)  (4998,2305)  (5055,2307)  (5115,2307)
Avior  (4027,1107)  (4085,1107)  (4142,1108)  (4200,1108)  (4257,1108)  (4315,1108)
Pyxis  (430,309)  (488,308)  (547,309)  (607,309)  (664,309)  (721,309)