017 Lesath  <  (175,409) (389,409) (390,410) (390,789) (389,790) (201,790) (200,789) (200,775) (201,774) (374,774) (374,700) (25,700) (25,774) (199,774) (200,775) (200,789) (199,790) (10,790) (9,789) (9,410) (10,409) > 
009 Vindemiatrix  <  (3386,9) (3589,9) (3590,10) (3590,389) (3589,390) (3401,390) (3400,389) (3400,376) (3401,375) (3574,375) (3574,301) (3225,301) (3225,375) (3399,375) (3400,376) (3400,389) (3399,390) (3210,390) (3209,389) (3209,10) (3210,9) > 
066 Castor  <  (638,1609) (789,1609) (790,1610) (790,1989) (789,1990) (601,1990) (600,1989) (600,1976) (601,1975) (773,1975) (773,1901) (424,1901) (424,1975) (599,1975) (600,1976) (600,1989) (599,1990) (410,1990) (409,1989) (409,1610) (410,1609) > 
Volans  <  (3396,2301) (3573,2301) (3574,2302) (3574,2374) (3573,2375) (3226,2375) (3225,2374) (3225,2302) (3226,2301) > 
127 Hadar  <  (5751,2809) (5989,2809) (5990,2810) (5990,3189) (5989,3190) (5801,3190) (5800,3189) (5800,3175) (5801,3174) (5974,3174) (5974,3100) (5625,3100) (5625,3174) (5799,3174) (5800,3175) (5800,3189) (5799,3190) (5610,3190) (5609,3189) (5609,2810) (5610,2809) > 
Rigel  <  (1300,1101) (1573,1101) (1574,1102) (1574,1174) (1573,1175) (1226,1175) (1225,1174) (1225,1102) (1226,1101) > 
Nashira  <  (4153,300) (4373,300) (4374,301) (4374,373) (4373,374) (4026,374) (4025,373) (4025,301) (4026,300) > 
Tarf  <  (3281,1102) (3573,1102) (3574,1103) (3574,1175) (3573,1176) (3226,1176) (3225,1175) (3225,1103) (3226,1102) > 
042 Alrakis  <  (3926,809) (3989,809) (3990,810) (3990,1189) (3989,1190) (3801,1190) (3800,1189) (3800,1176) (3801,1175) (3973,1175) (3973,1101) (3624,1101) (3624,1175) (3799,1175) (3800,1176) (3800,1189) (3799,1190) (3610,1190) (3609,1189) (3609,810) (3610,809) > 
108 Alioth  <  (4741,2409) (4789,2409) (4790,2410) (4790,2789) (4789,2790) (4601,2790) (4600,2789) (4600,2775) (4601,2774) (4774,2774) (4774,2700) (4425,2700) (4425,2774) (4599,2774) (4600,2775) (4600,2789) (4599,2790) (4410,2790) (4409,2789) (4409,2410) (4410,2409) > 
023 Jabbah  <  (2677,409) (2789,409) (2790,410) (2790,789) (2789,790) (2601,790) (2600,789) (2600,775) (2601,774) (2774,774) (2774,700) (2425,700) (2425,774) (2599,774) (2600,775) (2600,789) (2599,790) (2410,790) (2409,789) (2409,410) (2410,409) > 
Hamal  <  (977,700) (1172,700) (1173,701) (1173,773) (1172,774) (825,774) (824,773) (824,701) (825,700) > 
Zhou  <  (2211,2301) (2373,2301) (2374,2302) (2374,2374) (2373,2375) (2026,2375) (2025,2374) (2025,2302) (2026,2301) > 
063 Corvus  <  (5865,1209) (5989,1209) (5990,1210) (5990,1589) (5989,1590) (5801,1590) (5800,1589) (5800,1575) (5801,1574) (5973,1574) (5973,1500) (5624,1500) (5624,1574) (5799,1574) (5800,1575) (5800,1589) (5799,1590) (5610,1590) (5609,1589) (5609,1210) (5610,1209) > 
Thuban  <  (140,1501) (373,1501) (374,1502) (374,1574) (373,1575) (26,1575) (25,1574) (25,1502) (26,1501) > 
Aquila  <  (1070,1900) (1172,1900) (1173,1901) (1173,1973) (1172,1974) (825,1974) (824,1973) (824,1901) (825,1900) > 
005 Gemma  <  (1881,9) (1989,9) (1990,10) (1990,389) (1989,390) (1801,390) (1800,389) (1800,377) (1801,376) (1974,376) (1974,302) (1625,302) (1625,376) (1799,376) (1800,377) (1800,389) (1799,390) (1610,390) (1609,389) (1609,10) (1610,9) > 
074 Circinus  <  (3766,1609) (3989,1609) (3990,1610) (3990,1989) (3989,1990) (3801,1990) (3800,1989) (3800,1977) (3801,1976) (3974,1976) (3974,1902) (3625,1902) (3625,1976) (3799,1976) (3800,1977) (3800,1989) (3799,1990) (3610,1990) (3609,1989) (3609,1610) (3610,1609) > 
Nihal  <  (6190,1900) (6372,1900) (6373,1901) (6373,1973) (6372,1974) (6025,1974) (6024,1973) (6024,1901) (6025,1900) > 
003 Matar  <  (978,9) (1189,9) (1190,10) (1190,389) (1189,390) (1001,390) (1000,389) (1000,375) (1001,374) (1173,374) (1173,300) (824,300) (824,374) (999,374) (1000,375) (1000,389) (999,390) (810,390) (809,389) (809,10) (810,9) > 
078 Segin  <  (5436,1609) (5589,1609) (5590,1610) (5590,1989) (5589,1990) (5401,1990) (5400,1989) (5400,1977) (5401,1976) (5574,1976) (5574,1902) (5225,1902) (5225,1976) (5399,1976) (5400,1977) (5400,1989) (5399,1990) (5210,1990) (5209,1989) (5209,1610) (5210,1609) > 
043 Avior  <  (4278,809) (4389,809) (4390,810) (4390,1189) (4389,1190) (4201,1190) (4200,1189) (4200,1175) (4201,1174) (4374,1174) (4374,1100) (4025,1100) (4025,1174) (4199,1174) (4200,1175) (4200,1189) (4199,1190) (4010,1190) (4009,1189) (4009,810) (4010,809) > 
091 Lacerta  <  (4213,2009) (4389,2009) (4390,2010) (4390,2389) (4389,2390) (4201,2390) (4200,2389) (4200,2376) (4201,2375) (4374,2375) (4374,2301) (4025,2301) (4025,2375) (4199,2375) (4200,2376) (4200,2389) (4199,2390) (4010,2390) (4009,2389) (4009,2010) (4010,2009) > 
Indus  <  (1901,3100) (1973,3100) (1974,3101) (1974,3173) (1973,3174) (1626,3174) (1625,3173) (1625,3101) (1626,3100) > 
Mira  <  (1335,2300) (1573,2300) (1574,2301) (1574,2373) (1573,2374) (1226,2374) (1225,2373) (1225,2301) (1226,2300) > 
062 Nunki  <  (5401,1209) (5589,1209) (5590,1210) (5590,1589) (5589,1590) (5401,1590) (5400,1589) (5400,1575) (5401,1574) (5574,1574) (5574,1500) (5225,1500) (5225,1574) (5399,1574) (5400,1575) (5400,1589) (5399,1590) (5210,1590) (5209,1589) (5209,1210) (5210,1209) > 
Matar  <  (966,300) (1172,300) (1173,301) (1173,373) (1172,374) (825,374) (824,373) (824,301) (825,300) > 
Pollux  <  (982,2300) (1173,2300) (1174,2301) (1174,2373) (1173,2374) (826,2374) (825,2373) (825,2301) (826,2300) > 
Tyl  <  (5738,701) (5972,701) (5973,702) (5973,774) (5972,775) (5625,775) (5624,774) (5624,702) (5625,701) > 
033 Tabit  <  (257,809) (389,809) (390,810) (390,1189) (389,1190) (201,1190) (200,1189) (200,1174) (201,1173) (375,1173) (375,1099) (26,1099) (26,1173) (199,1173) (200,1174) (200,1189) (199,1190) (10,1190) (9,1189) (9,810) (10,809) > 
Electra  <  (4144,700) (4373,700) (4374,701) (4374,773) (4373,774) (4026,774) (4025,773) (4025,701) (4026,700) > 
Bellatrix  <  (2240,1500) (2372,1500) (2373,1501) (2373,1573) (2372,1574) (2025,1574) (2024,1573) (2024,1501) (2025,1500) > 
Baham  <  (3412,2700) (3573,2700) (3574,2701) (3574,2773) (3573,2774) (3226,2774) (3225,2773) (3225,2701) (3226,2700) > 
Rukbat  <  (137,2301) (373,2301) (374,2302) (374,2374) (373,2375) (26,2375) (25,2374) (25,2302) (26,2301) > 
040 Spica  <  (2987,809) (3189,809) (3190,810) (3190,1189) (3189,1190) (3001,1190) (3000,1189) (3000,1175) (3001,1174) (3173,1174) (3173,1100) (2824,1100) (2824,1174) (2999,1174) (3000,1175) (3000,1189) (2999,1190) (2810,1190) (2809,1189) (2809,810) (2810,809) > 
054 Bellatrix  <  (2296,1209) (2389,1209) (2390,1210) (2390,1589) (2389,1590) (2201,1590) (2200,1589) (2200,1575) (2201,1574) (2373,1574) (2373,1500) (2024,1500) (2024,1574) (2199,1574) (2200,1575) (2200,1589) (2199,1590) (2010,1590) (2009,1589) (2009,1210) (2010,1209) > 
Azaleh  <  (4547,700) (4772,700) (4773,701) (4773,773) (4772,774) (4425,774) (4424,773) (4424,701) (4425,700) > 
084 Mira  <  (1451,2009) (1589,2009) (1590,2010) (1590,2389) (1589,2390) (1401,2390) (1400,2389) (1400,2375) (1401,2374) (1574,2374) (1574,2300) (1225,2300) (1225,2374) (1399,2374) (1400,2375) (1400,2389) (1399,2390) (1210,2390) (1209,2389) (1209,2010) (1210,2009) > 
Sinistra  <  (6143,2700) (6373,2700) (6374,2701) (6374,2773) (6373,2774) (6026,2774) (6025,2773) (6025,2701) (6026,2700) > 
123 Atlas  <  (4201,2809) (4389,2809) (4390,2810) (4390,3189) (4389,3190) (4201,3190) (4200,3189) (4200,3175) (4201,3174) (4373,3174) (4373,3100) (4024,3100) (4024,3174) (4199,3174) (4200,3175) (4200,3189) (4199,3190) (4010,3190) (4009,3189) (4009,2810) (4010,2809) > 
Pleione  <  (4302,2701) (4373,2701) (4374,2702) (4374,2774) (4373,2775) (4026,2775) (4025,2774) (4025,2702) (4026,2701) > 
031 Tyl  <  (5778,409) (5989,409) (5990,410) (5990,789) (5989,790) (5801,790) (5800,789) (5800,776) (5801,775) (5973,775) (5973,701) (5624,701) (5624,775) (5799,775) (5800,776) (5800,789) (5799,790) (5610,790) (5609,789) (5609,410) (5610,409) > 
Toliman  <  (2598,3101) (2773,3101) (2774,3102) (2774,3174) (2773,3175) (2426,3175) (2425,3174) (2425,3102) (2426,3101) > 
Ukdah  <  (557,3100) (772,3100) (773,3101) (773,3173) (772,3174) (425,3174) (424,3173) (424,3101) (425,3100) > 
014 Botein  <  (5311,9) (5589,9) (5590,10) (5590,389) (5589,390) (5401,390) (5400,389) (5400,375) (5401,374) (5574,374) (5574,300) (5225,300) (5225,374) (5399,374) (5400,375) (5400,389) (5399,390) (5210,390) (5209,389) (5209,10) (5210,9) > 
087 Etamin  <  (2703,2009) (2789,2009) (2790,2010) (2790,2389) (2789,2390) (2601,2390) (2600,2389) (2600,2375) (2601,2374) (2774,2374) (2774,2300) (2425,2300) (2425,2374) (2599,2374) (2600,2375) (2600,2389) (2599,2390) (2410,2390) (2409,2389) (2409,2010) (2410,2009) > 
Gatria  <  (5350,1100) (5573,1100) (5574,1101) (5574,1173) (5573,1174) (5226,1174) (5225,1173) (5225,1101) (5226,1100) > 
025 Pulcherrim  <  (3333,409) (3589,409) (3590,410) (3590,789) (3589,790) (3401,790) (3400,789) (3400,775) (3401,774) (3573,774) (3573,700) (3224,700) (3224,774) (3399,774) (3400,775) (3400,789) (3399,790) (3210,790) (3209,789) (3209,410) (3210,409) > 
Jabbah  <  (2570,700) (2773,700) (2774,701) (2774,773) (2773,774) (2426,774) (2425,773) (2425,701) (2426,700) > 
061 Diadem  <  (5053,1209) (5189,1209) (5190,1210) (5190,1589) (5189,1590) (5001,1590) (5000,1589) (5000,1575) (5001,1574) (5174,1574) (5174,1500) (4825,1500) (4825,1574) (4999,1574) (5000,1575) (5000,1589) (4999,1590) (4810,1590) (4809,1589) (4809,1210) (4810,1209) > 
Hadar  <  (5786,3100) (5973,3100) (5974,3101) (5974,3173) (5973,3174) (5626,3174) (5625,3173) (5625,3101) (5626,3100) > 
Zaurak  <  (6207,1500) (6373,1500) (6374,1501) (6374,1573) (6373,1574) (6026,1574) (6025,1573) (6025,1501) (6026,1500) > 
047 Dziban  <  (5824,809) (5989,809) (5990,810) (5990,1189) (5989,1190) (5801,1190) (5800,1189) (5800,1175) (5801,1174) (5973,1174) (5973,1100) (5624,1100) (5624,1174) (5799,1174) (5800,1175) (5800,1189) (5799,1190) (5610,1190) (5609,1189) (5609,810) (5610,809) > 
Norma  <  (1699,699) (1972,699) (1973,700) (1973,772) (1972,773) (1625,773) (1624,772) (1624,700) (1625,699) > 
125 Edasich  <  (5081,2809) (5189,2809) (5190,2810) (5190,3189) (5189,3190) (5001,3190) (5000,3189) (5000,3176) (5001,3175) (5174,3175) (5174,3101) (4825,3101) (4825,3175) (4999,3175) (5000,3176) (5000,3189) (4999,3190) (4810,3190) (4809,3189) (4809,2810) (4810,2809) > 
Scheddi  <  (2596,300) (2772,300) (2773,301) (2773,373) (2772,374) (2425,374) (2424,373) (2424,301) (2425,300) > 
Tegemen  <  (1416,1502) (1573,1502) (1574,1503) (1574,1575) (1573,1576) (1226,1576) (1225,1575) (1225,1503) (1226,1502) > 
026 Ksora  <  (3897,409) (3989,409) (3990,410) (3990,789) (3989,790) (3801,790) (3800,789) (3800,775) (3801,774) (3974,774) (3974,700) (3625,700) (3625,774) (3799,774) (3800,775) (3800,789) (3799,790) (3610,790) (3609,789) (3609,410) (3610,409) > 
Adhara  <  (4504,1500) (4773,1500) (4774,1501) (4774,1573) (4773,1574) (4426,1574) (4425,1573) (4425,1501) (4426,1500) > 
Pyxis  <  (705,301) (774,301) (775,302) (775,374) (774,375) (427,375) (426,374) (426,302) (427,301) > 
088 Kastra  <  (2980,2009) (3189,2009) (3190,2010) (3190,2389) (3189,2390) (3001,2390) (3000,2389) (3000,2377) (3001,2376) (3173,2376) (3173,2302) (2824,2302) (2824,2376) (2999,2376) (3000,2377) (3000,2389) (2999,2390) (2810,2390) (2809,2389) (2809,2010) (2810,2009) > 
Sheliak  <  (977,1101) (1173,1101) (1174,1102) (1174,1174) (1173,1175) (826,1175) (825,1174) (825,1102) (826,1101) > 
116 Vega  <  (1395,2809) (1589,2809) (1590,2810) (1590,3189) (1589,3190) (1401,3190) (1400,3189) (1400,3176) (1401,3175) (1574,3175) (1574,3101) (1225,3101) (1225,3175) (1399,3175) (1400,3176) (1400,3189) (1399,3190) (1210,3190) (1209,3189) (1209,2810) (1210,2809) > 
081 Rukbat  <  (354,2009) (389,2009) (390,2010) (390,2389) (389,2390) (201,2390) (200,2389) (200,2376) (201,2375) (374,2375) (374,2301) (25,2301) (25,2375) (199,2375) (200,2376) (200,2389) (199,2390) (10,2390) (9,2389) (9,2010) (10,2009) > 
100 Grumium  <  (1397,2409) (1589,2409) (1590,2410) (1590,2789) (1589,2790) (1401,2790) (1400,2789) (1400,2775) (1401,2774) (1574,2774) (1574,2700) (1225,2700) (1225,2774) (1399,2774) (1400,2775) (1400,2789) (1399,2790) (1210,2790) (1209,2789) (1209,2410) (1210,2409) > 
Deneb  <  (177,2700) (373,2700) (374,2701) (374,2773) (373,2774) (26,2774) (25,2773) (25,2701) (26,2700) > 
070 Pavo  <  (2238,1609) (2389,1609) (2390,1610) (2390,1989) (2389,1990) (2201,1990) (2200,1989) (2200,1975) (2201,1974) (2374,1974) (2374,1900) (2025,1900) (2025,1974) (2199,1974) (2200,1975) (2200,1989) (2199,1990) (2010,1990) (2009,1989) (2009,1610) (2010,1609) > 
059 Ain  <  (4179,1209) (4389,1209) (4390,1210) (4390,1589) (4389,1590) (4201,1590) (4200,1589) (4200,1576) (4201,1575) (4374,1575) (4374,1501) (4025,1501) (4025,1575) (4199,1575) (4200,1576) (4200,1589) (4199,1590) (4010,1590) (4009,1589) (4009,1210) (4010,1209) > 
Subra  <  (5120,700) (5173,700) (5174,701) (5174,773) (5173,774) (4826,774) (4825,773) (4825,701) (4826,700) > 
Zibal  <  (3831,1501) (3973,1501) (3974,1502) (3974,1574) (3973,1575) (3626,1575) (3625,1574) (3625,1502) (3626,1501) > 
Homam  <  (3918,301) (3973,301) (3974,302) (3974,374) (3973,375) (3626,375) (3625,374) (3625,302) (3626,301) > 
Lynx  <  (5406,700) (5573,700) (5574,701) (5574,773) (5573,774) (5226,774) (5225,773) (5225,701) (5226,700) > 
Jih  <  (4957,1100) (5173,1100) (5174,1101) (5174,1173) (5173,1174) (4826,1174) (4825,1173) (4825,1101) (4826,1100) > 
012 Kleeia  <  (4566,9) (4789,9) (4790,10) (4790,389) (4789,390) (4601,390) (4600,389) (4600,375) (4601,374) (4773,374) (4773,300) (4424,300) (4424,374) (4599,374) (4600,375) (4600,389) (4599,390) (4410,390) (4409,389) (4409,10) (4410,9) > 
Nekkar  <  (1065,2700) (1173,2700) (1174,2701) (1174,2773) (1173,2774) (826,2774) (825,2773) (825,2701) (826,2700) > 
035 Sheliak  <  (933,809) (1189,809) (1190,810) (1190,1189) (1189,1190) (1001,1190) (1000,1189) (1000,1176) (1001,1175) (1174,1175) (1174,1101) (825,1101) (825,1175) (999,1175) (1000,1176) (1000,1189) (999,1190) (810,1190) (809,1189) (809,810) (810,809) > 
Antares  <  (2198,702) (2374,702) (2375,703) (2375,775) (2374,776) (2027,776) (2026,775) (2026,703) (2027,702) > 
064 Zaurak  <  (6158,1209) (6389,1209) (6390,1210) (6390,1589) (6389,1590) (6201,1590) (6200,1589) (6200,1575) (6201,1574) (6374,1574) (6374,1500) (6025,1500) (6025,1574) (6199,1574) (6200,1575) (6200,1589) (6199,1590) (6010,1590) (6009,1589) (6009,1210) (6010,1209) > 
022 Antares  <  (2139,409) (2389,409) (2390,410) (2390,789) (2389,790) (2201,790) (2200,789) (2200,777) (2201,776) (2375,776) (2375,702) (2026,702) (2026,776) (2199,776) (2200,777) (2200,789) (2199,790) (2010,790) (2009,789) (2009,410) (2010,409) > 
Cursa  <  (6096,701) (6373,701) (6374,702) (6374,774) (6373,775) (6026,775) (6025,774) (6025,702) (6026,701) > 
Gomeisa  <  (6130,3101) (6373,3101) (6374,3102) (6374,3174) (6373,3175) (6026,3175) (6025,3174) (6025,3102) (6026,3101) > 
Arcturis  <  (197,3101) (372,3101) (373,3102) (373,3174) (372,3175) (25,3175) (24,3174) (24,3102) (25,3101) > 
Atlas  <  (4126,3100) (4372,3100) (4373,3101) (4373,3173) (4372,3174) (4025,3174) (4024,3173) (4024,3101) (4025,3100) > 
Vulpecula  <  (4939,1901) (5173,1901) (5174,1902) (5174,1974) (5173,1975) (4826,1975) (4825,1974) (4825,1902) (4826,1901) > 
Brachium  <  (4971,300) (5173,300) (5174,301) (5174,373) (5173,374) (4826,374) (4825,373) (4825,301) (4826,300) > 
Kraz  <  (2490,2700) (2773,2700) (2774,2701) (2774,2773) (2773,2774) (2426,2774) (2425,2773) (2425,2701) (2426,2700) > 
Wei  <  (5654,2300) (5973,2300) (5974,2301) (5974,2373) (5973,2374) (5626,2374) (5625,2373) (5625,2301) (5626,2300) > 
Ceginus  <  (4659,1101) (4773,1101) (4774,1102) (4774,1174) (4773,1175) (4426,1175) (4425,1174) (4425,1102) (4426,1101) > 
Dabih  <  (3730,3100) (3973,3100) (3974,3101) (3974,3173) (3973,3174) (3626,3174) (3625,3173) (3625,3101) (3626,3100) > 
093 Kuma  <  (4945,2009) (5189,2009) (5190,2010) (5190,2389) (5189,2390) (5001,2390) (5000,2389) (5000,2376) (5001,2375) (5173,2375) (5173,2301) (4824,2301) (4824,2375) (4999,2375) (5000,2376) (5000,2389) (4999,2390) (4810,2390) (4809,2389) (4809,2010) (4810,2009) > 
082 Cheleb  <  (639,2009) (789,2009) (790,2010) (790,2389) (789,2390) (601,2390) (600,2389) (600,2375) (601,2374) (773,2374) (773,2300) (424,2300) (424,2374) (599,2374) (600,2375) (600,2389) (599,2390) (410,2390) (409,2389) (409,2010) (410,2009) > 
069 Dubhe  <  (1801,1609) (1989,1609) (1990,1610) (1990,1989) (1989,1990) (1801,1990) (1800,1989) (1800,1975) (1801,1974) (1974,1974) (1974,1900) (1625,1900) (1625,1974) (1799,1974) (1800,1975) (1800,1989) (1799,1990) (1610,1990) (1609,1989) (1609,1610) (1610,1609) > 
Maia  <  (1302,700) (1573,700) (1574,701) (1574,773) (1573,774) (1226,774) (1225,773) (1225,701) (1226,700) > 
Etamin  <  (2610,2300) (2773,2300) (2774,2301) (2774,2373) (2773,2374) (2426,2374) (2425,2373) (2425,2301) (2426,2300) > 
Pavo  <  (2276,1900) (2373,1900) (2374,1901) (2374,1973) (2373,1974) (2026,1974) (2025,1973) (2025,1901) (2026,1900) > 
107 Pleione  <  (4266,2409) (4389,2409) (4390,2410) (4390,2789) (4389,2790) (4201,2790) (4200,2789) (4200,2776) (4201,2775) (4374,2775) (4374,2701) (4025,2701) (4025,2775) (4199,2775) (4200,2776) (4200,2789) (4199,2790) (4010,2790) (4009,2789) (4009,2410) (4010,2409) > 
072 Mimosa  <  (3080,1609) (3189,1609) (3190,1610) (3190,1989) (3189,1990) (3001,1990) (3000,1989) (3000,1976) (3001,1975) (3174,1975) (3174,1901) (2825,1901) (2825,1975) (2999,1975) (3000,1976) (3000,1989) (2999,1990) (2810,1990) (2809,1989) (2809,1610) (2810,1609) > 
Rotanev  <  (1392,1900) (1573,1900) (1574,1901) (1574,1973) (1573,1974) (1226,1974) (1225,1973) (1225,1901) (1226,1900) > 
122 Dabih  <  (3849,2809) (3989,2809) (3990,2810) (3990,3189) (3989,3190) (3801,3190) (3800,3189) (3800,3175) (3801,3174) (3974,3174) (3974,3100) (3625,3100) (3625,3174) (3799,3174) (3800,3175) (3800,3189) (3799,3190) (3610,3190) (3609,3189) (3609,2810) (3610,2809) > 
067 Aquila  <  (991,1609) (1189,1609) (1190,1610) (1190,1989) (1189,1990) (1001,1990) (1000,1989) (1000,1975) (1001,1974) (1173,1974) (1173,1900) (824,1900) (824,1974) (999,1974) (1000,1975) (1000,1989) (999,1990) (810,1990) (809,1989) (809,1610) (810,1609) > 
Syrma  <  (943,3102) (1173,3102) (1174,3103) (1174,3175) (1173,3176) (826,3176) (825,3175) (825,3103) (826,3102) > 
Castor  <  (571,1901) (772,1901) (773,1902) (773,1974) (772,1975) (425,1975) (424,1974) (424,1902) (425,1901) > 
036 Rigel  <  (1432,809) (1589,809) (1590,810) (1590,1189) (1589,1190) (1401,1190) (1400,1189) (1400,1176) (1401,1175) (1574,1175) (1574,1101) (1225,1101) (1225,1175) (1399,1175) (1400,1176) (1400,1189) (1399,1190) (1210,1190) (1209,1189) (1209,810) (1210,809) > 
124 Murzim  <  (4537,2809) (4789,2809) (4790,2810) (4790,3189) (4789,3190) (4601,3190) (4600,3189) (4600,3175) (4601,3174) (4774,3174) (4774,3100) (4425,3100) (4425,3174) (4599,3174) (4600,3175) (4600,3189) (4599,3190) (4410,3190) (4409,3189) (4409,2810) (4410,2809) > 
076 Yed  <  (4670,1609) (4789,1609) (4790,1610) (4790,1989) (4789,1990) (4601,1990) (4600,1989) (4600,1975) (4601,1974) (4774,1974) (4774,1900) (4425,1900) (4425,1974) (4599,1974) (4600,1975) (4600,1989) (4599,1990) (4410,1990) (4409,1989) (4409,1610) (4410,1609) > 
Talitha  <  (2993,700) (3172,700) (3173,701) (3173,773) (3172,774) (2825,774) (2824,773) (2824,701) (2825,700) > 
Sterope  <  (5355,2700) (5573,2700) (5574,2701) (5574,2773) (5573,2774) (5226,2774) (5225,2773) (5225,2701) (5226,2700) > 
112 Sinistra  <  (6128,2409) (6389,2409) (6390,2410) (6390,2789) (6389,2790) (6201,2790) (6200,2789) (6200,2775) (6201,2774) (6374,2774) (6374,2700) (6025,2700) (6025,2774) (6199,2774) (6200,2775) (6200,2789) (6199,2790) (6010,2790) (6009,2789) (6009,2410) (6010,2409) > 
118 Wasat  <  (2262,2809) (2389,2809) (2390,2810) (2390,3189) (2389,3190) (2201,3190) (2200,3189) (2200,3177) (2201,3176) (2374,3176) (2374,3102) (2025,3102) (2025,3176) (2199,3176) (2200,3177) (2200,3189) (2199,3190) (2010,3190) (2009,3189) (2009,2810) (2010,2809) > 
Edasich  <  (4900,3101) (5173,3101) (5174,3102) (5174,3174) (5173,3175) (4826,3175) (4825,3174) (4825,3102) (4826,3101) > 
073 Atik  <  (3289,1609) (3589,1609) (3590,1610) (3590,1989) (3589,1990) (3401,1990) (3400,1989) (3400,1975) (3401,1974) (3573,1974) (3573,1900) (3224,1900) (3224,1974) (3399,1974) (3400,1975) (3400,1989) (3399,1990) (3210,1990) (3209,1989) (3209,1610) (3210,1609) > 
Kuma  <  (4973,2301) (5172,2301) (5173,2302) (5173,2374) (5172,2375) (4825,2375) (4824,2374) (4824,2302) (4825,2301) > 
098 Regulus  <  (680,2409) (789,2409) (790,2410) (790,2789) (789,2790) (601,2790) (600,2789) (600,2775) (601,2774) (773,2774) (773,2700) (424,2700) (424,2774) (599,2774) (600,2775) (600,2789) (599,2790) (410,2790) (409,2789) (409,2410) (410,2409) > 
027 Electra  <  (4216,409) (4389,409) (4390,410) (4390,789) (4389,790) (4201,790) (4200,789) (4200,775) (4201,774) (4374,774) (4374,700) (4025,700) (4025,774) (4199,774) (4200,775) (4200,789) (4199,790) (4010,790) (4009,789) (4009,410) (4010,409) > 
028 Azaleh  <  (4582,409) (4789,409) (4790,410) (4790,789) (4789,790) (4601,790) (4600,789) (4600,775) (4601,774) (4773,774) (4773,700) (4424,700) (4424,774) (4599,774) (4600,775) (4600,789) (4599,790) (4410,790) (4409,789) (4409,410) (4410,409) > 
Grumium  <  (1325,2700) (1573,2700) (1574,2701) (1574,2773) (1573,2774) (1226,2774) (1225,2773) (1225,2701) (1226,2700) > 
020 Maia  <  (1420,409) (1589,409) (1590,410) (1590,789) (1589,790) (1401,790) (1400,789) (1400,775) (1401,774) (1574,774) (1574,700) (1225,700) (1225,774) (1399,774) (1400,775) (1400,789) (1399,790) (1210,790) (1209,789) (1209,410) (1210,409) > 
011 Nashira  <  (4225,9) (4389,9) (4390,10) (4390,389) (4389,390) (4201,390) (4200,389) (4200,375) (4201,374) (4374,374) (4374,300) (4025,300) (4025,374) (4199,374) (4200,375) (4200,389) (4199,390) (4010,390) (4009,389) (4009,10) (4010,9) > 
119 Toliman  <  (2547,2809) (2789,2809) (2790,2810) (2790,3189) (2789,3190) (2601,3190) (2600,3189) (2600,3176) (2601,3175) (2774,3175) (2774,3101) (2425,3101) (2425,3175) (2599,3175) (2600,3176) (2600,3189) (2599,3190) (2410,3190) (2409,3189) (2409,2810) (2410,2809) > 
Procyon  <  (3670,2300) (3973,2300) (3974,2301) (3974,2373) (3973,2374) (3626,2374) (3625,2373) (3625,2301) (3626,2300) > 
Merope  <  (2585,1501) (2773,1501) (2774,1502) (2774,1574) (2773,1575) (2426,1575) (2425,1574) (2425,1502) (2426,1501) > 
049 Thuban  <  (239,1209) (389,1209) (390,1210) (390,1589) (389,1590) (201,1590) (200,1589) (200,1576) (201,1575) (374,1575) (374,1501) (25,1501) (25,1575) (199,1575) (200,1576) (200,1589) (199,1590) (10,1590) (9,1589) (9,1210) (10,1209) > 
034 Furud  <  (652,809) (789,809) (790,810) (790,1189) (789,1190) (601,1190) (600,1189) (600,1175) (601,1174) (774,1174) (774,1100) (425,1100) (425,1174) (599,1174) (600,1175) (600,1189) (599,1190) (410,1190) (409,1189) (409,810) (410,809) > 
097 Deneb  <  (202,2409) (389,2409) (390,2410) (390,2789) (389,2790) (201,2790) (200,2789) (200,2775) (201,2774) (374,2774) (374,2700) (25,2700) (25,2774) (199,2774) (200,2775) (200,2789) (199,2790) (10,2790) (9,2789) (9,2410) (10,2409) > 
Izar  <  (3015,300) (3173,300) (3174,301) (3174,373) (3173,374) (2826,374) (2825,373) (2825,301) (2826,300) > 
Dubhe  <  (1767,1900) (1973,1900) (1974,1901) (1974,1973) (1973,1974) (1626,1974) (1625,1973) (1625,1901) (1626,1900) > 
Hydrobius  <  (5311,2301) (5573,2301) (5574,2302) (5574,2374) (5573,2375) (5226,2375) (5225,2374) (5225,2302) (5226,2301) > 
Kochab  <  (1339,301) (1572,301) (1573,302) (1573,374) (1572,375) (1225,375) (1224,374) (1224,302) (1225,301) > 
Zuben  <  (1714,2300) (1972,2300) (1973,2301) (1973,2373) (1972,2374) (1625,2374) (1624,2373) (1624,2301) (1625,2300) > 
Capella  <  (4290,1901) (4373,1901) (4374,1902) (4374,1974) (4373,1975) (4026,1975) (4025,1974) (4025,1902) (4026,1901) > 
Atik  <  (3484,1900) (3572,1900) (3573,1901) (3573,1973) (3572,1974) (3225,1974) (3224,1973) (3224,1901) (3225,1900) > 
Alrakis  <  (3744,1101) (3972,1101) (3973,1102) (3973,1174) (3972,1175) (3625,1175) (3624,1174) (3624,1102) (3625,1101) > 
Murzim  <  (4590,3100) (4773,3100) (4774,3101) (4774,3173) (4773,3174) (4426,3174) (4425,3173) (4425,3101) (4426,3100) > 
083 Pollux  <  (984,2009) (1189,2009) (1190,2010) (1190,2389) (1189,2390) (1001,2390) (1000,2389) (1000,2375) (1001,2374) (1174,2374) (1174,2300) (825,2300) (825,2374) (999,2374) (1000,2375) (1000,2389) (999,2390) (810,2390) (809,2389) (809,2010) (810,2009) > 
Mimosa  <  (2952,1901) (3173,1901) (3174,1902) (3174,1974) (3173,1975) (2826,1975) (2825,1974) (2825,1902) (2826,1901) > 
Botein  <  (5379,300) (5573,300) (5574,301) (5574,373) (5573,374) (5226,374) (5225,373) (5225,301) (5226,300) > 
Saiph  <  (234,1902) (372,1902) (373,1903) (373,1975) (372,1976) (25,1976) (24,1975) (24,1903) (25,1902) > 
Ushakaran  <  (2693,1900) (2773,1900) (2774,1901) (2774,1973) (2773,1974) (2426,1974) (2425,1973) (2425,1901) (2426,1900) > 
Kastra  <  (2975,2302) (3172,2302) (3173,2303) (3173,2375) (3172,2376) (2825,2376) (2824,2375) (2824,2303) (2825,2302) > 
126 Yildun  <  (5371,2809) (5589,2809) (5590,2810) (5590,3189) (5589,3190) (5401,3190) (5400,3189) (5400,3176) (5401,3175) (5573,3175) (5573,3101) (5224,3101) (5224,3175) (5399,3175) (5400,3176) (5400,3189) (5399,3190) (5210,3190) (5209,3189) (5209,2810) (5210,2809) > 
Lacerta  <  (4249,2301) (4373,2301) (4374,2302) (4374,2374) (4373,2375) (4026,2375) (4025,2374) (4025,2302) (4026,2301) > 
013 Brachium  <  (5090,9) (5189,9) (5190,10) (5190,389) (5189,390) (5001,390) (5000,389) (5000,375) (5001,374) (5174,374) (5174,300) (4825,300) (4825,374) (4999,374) (5000,375) (5000,389) (4999,390) (4810,390) (4809,389) (4809,10) (4810,9) > 
045 Jih  <  (4961,809) (5189,809) (5190,810) (5190,1189) (5189,1190) (5001,1190) (5000,1189) (5000,1175) (5001,1174) (5174,1174) (5174,1100) (4825,1100) (4825,1174) (4999,1174) (5000,1175) (5000,1189) (4999,1190) (4810,1190) (4809,1189) (4809,810) (4810,809) > 
038 Zedaron  <  (2227,809) (2389,809) (2390,810) (2390,1189) (2389,1190) (2201,1190) (2200,1189) (2200,1175) (2201,1174) (2374,1174) (2374,1100) (2025,1100) (2025,1174) (2199,1174) (2200,1175) (2200,1189) (2199,1190) (2010,1190) (2009,1189) (2009,810) (2010,809) > 
Gemma  <  (1913,302) (1973,302) (1974,303) (1974,375) (1973,376) (1626,376) (1625,375) (1625,303) (1626,302) > 
052 Tegemen  <  (1365,1209) (1589,1209) (1590,1210) (1590,1589) (1589,1590) (1401,1590) (1400,1589) (1400,1577) (1401,1576) (1574,1576) (1574,1502) (1225,1502) (1225,1576) (1399,1576) (1400,1577) (1400,1589) (1399,1590) (1210,1590) (1209,1589) (1209,1210) (1210,1209) > 
Ain  <  (4207,1501) (4373,1501) (4374,1502) (4374,1574) (4373,1575) (4026,1575) (4025,1574) (4025,1502) (4026,1501) > 
080 Nihal  <  (6090,1609) (6389,1609) (6390,1610) (6390,1989) (6389,1990) (6201,1990) (6200,1989) (6200,1975) (6201,1974) (6373,1974) (6373,1900) (6024,1900) (6024,1974) (6199,1974) (6200,1975) (6200,1989) (6199,1990) (6010,1990) (6009,1989) (6009,1610) (6010,1609) > 
Furud  <  (636,1100) (773,1100) (774,1101) (774,1173) (773,1174) (426,1174) (425,1173) (425,1101) (426,1100) > 
060 Adhara  <  (4584,1209) (4789,1209) (4790,1210) (4790,1589) (4789,1590) (4601,1590) (4600,1589) (4600,1575) (4601,1574) (4774,1574) (4774,1500) (4425,1500) (4425,1574) (4599,1574) (4600,1575) (4600,1589) (4599,1590) (4410,1590) (4409,1589) (4409,1210) (4410,1209) > 
Errai  <  (6119,1100) (6374,1100) (6375,1101) (6375,1173) (6374,1174) (6027,1174) (6026,1173) (6026,1101) (6027,1100) > 
089 Volans  <  (3384,2009) (3589,2009) (3590,2010) (3590,2389) (3589,2390) (3401,2390) (3400,2389) (3400,2376) (3401,2375) (3574,2375) (3574,2301) (3225,2301) (3225,2375) (3399,2375) (3400,2376) (3400,2389) (3399,2390) (3210,2390) (3209,2389) (3209,2010) (3210,2009) > 
Zosma  <  (6166,300) (6373,300) (6374,301) (6374,373) (6373,374) (6026,374) (6025,373) (6025,301) (6026,300) > 
Zedaron  <  (2342,1100) (2373,1100) (2374,1101) (2374,1173) (2373,1174) (2026,1174) (2025,1173) (2025,1101) (2026,1100) > 
051 Keid  <  (1001,1209) (1189,1209) (1190,1210) (1190,1589) (1189,1590) (1001,1590) (1000,1589) (1000,1575) (1001,1574) (1174,1574) (1174,1500) (825,1500) (825,1574) (999,1574) (1000,1575) (1000,1589) (999,1590) (810,1590) (809,1589) (809,1210) (810,1209) > 
Meissa  <  (3540,3100) (3573,3100) (3574,3101) (3574,3173) (3573,3174) (3226,3174) (3225,3173) (3225,3101) (3226,3100) > 
Asterion  <  (603,700) (772,700) (773,701) (773,773) (772,774) (425,774) (424,773) (424,701) (425,700) > 
041 Tarf  <  (3319,809) (3589,809) (3590,810) (3590,1189) (3589,1190) (3401,1190) (3400,1189) (3400,1177) (3401,1176) (3574,1176) (3574,1102) (3225,1102) (3225,1176) (3399,1176) (3400,1177) (3400,1189) (3399,1190) (3210,1190) (3209,1189) (3209,810) (3210,809) > 
Wasat  <  (2165,3102) (2373,3102) (2374,3103) (2374,3175) (2373,3176) (2026,3176) (2025,3175) (2025,3103) (2026,3102) > 
008 Izar  <  (3012,9) (3189,9) (3190,10) (3190,389) (3189,390) (3001,390) (3000,389) (3000,375) (3001,374) (3174,374) (3174,300) (2825,300) (2825,374) (2999,374) (3000,375) (3000,389) (2999,390) (2810,390) (2809,389) (2809,10) (2810,9) > 
Keid  <  (923,1500) (1173,1500) (1174,1501) (1174,1573) (1173,1574) (826,1574) (825,1573) (825,1501) (826,1500) > 
Nunki  <  (5359,1500) (5573,1500) (5574,1501) (5574,1573) (5573,1574) (5226,1574) (5225,1573) (5225,1501) (5226,1500) > 
Spica  <  (2998,1100) (3172,1100) (3173,1101) (3173,1173) (3172,1174) (2825,1174) (2824,1173) (2824,1101) (2825,1100) > 
068 Rotanev  <  (1419,1609) (1589,1609) (1590,1610) (1590,1989) (1589,1990) (1401,1990) (1400,1989) (1400,1975) (1401,1974) (1574,1974) (1574,1900) (1225,1900) (1225,1974) (1399,1974) (1400,1975) (1400,1989) (1399,1990) (1210,1990) (1209,1989) (1209,1610) (1210,1609) > 
105 Baham  <  (3348,2409) (3589,2409) (3590,2410) (3590,2789) (3589,2790) (3401,2790) (3400,2789) (3400,2775) (3401,2774) (3574,2774) (3574,2700) (3225,2700) (3225,2774) (3399,2774) (3400,2775) (3400,2789) (3399,2790) (3210,2790) (3209,2789) (3209,2410) (3210,2409) > 
Graffias  <  (271,300) (373,300) (374,301) (374,373) (373,374) (26,374) (25,373) (25,301) (26,300) > 
050 Chara  <  (625,1209) (789,1209) (790,1210) (790,1589) (789,1590) (601,1590) (600,1589) (600,1575) (601,1574) (774,1574) (774,1500) (425,1500) (425,1574) (599,1574) (600,1575) (600,1589) (599,1590) (410,1590) (409,1589) (409,1210) (410,1209) > 
Kitalpha  <  (1684,2700) (1973,2700) (1974,2701) (1974,2773) (1973,2774) (1626,2774) (1625,2773) (1625,2701) (1626,2700) > 
Circinus  <  (3812,1902) (3973,1902) (3974,1903) (3974,1975) (3973,1976) (3626,1976) (3625,1975) (3625,1903) (3626,1902) > 
001 Graffias  <  (224,9) (389,9) (390,10) (390,389) (389,390) (201,390) (200,389) (200,375) (201,374) (374,374) (374,300) (25,300) (25,374) (199,374) (200,375) (200,389) (199,390) (10,390) (9,389) (9,10) (10,9) > 
104 Acamar  <  (2981,2409) (3189,2409) (3190,2410) (3190,2789) (3189,2790) (3001,2790) (3000,2789) (3000,2775) (3001,2774) (3175,2774) (3175,2700) (2826,2700) (2826,2774) (2999,2774) (3000,2775) (3000,2789) (2999,2790) (2810,2790) (2809,2789) (2809,2410) (2810,2409) > 
128 Gomeisa  <  (6212,2809) (6389,2809) (6390,2810) (6390,3189) (6389,3190) (6201,3190) (6200,3189) (6200,3176) (6201,3175) (6374,3175) (6374,3101) (6025,3101) (6025,3175) (6199,3175) (6200,3176) (6200,3189) (6199,3190) (6010,3190) (6009,3189) (6009,2810) (6010,2809) > 
Merak  <  (4583,2300) (4773,2300) (4774,2301) (4774,2373) (4773,2374) (4426,2374) (4425,2373) (4425,2301) (4426,2300) > 
Corvus  <  (5791,1500) (5972,1500) (5973,1501) (5973,1573) (5972,1574) (5625,1574) (5624,1573) (5624,1501) (5625,1500) > 
096 Sadira  <  (6224,2009) (6389,2009) (6390,2010) (6390,2389) (6389,2390) (6201,2390) (6200,2389) (6200,2375) (6201,2374) (6374,2374) (6374,2300) (6025,2300) (6025,2374) (6199,2374) (6200,2375) (6200,2389) (6199,2390) (6010,2390) (6009,2389) (6009,2010) (6010,2009) > 
Alioth  <  (4596,2700) (4773,2700) (4774,2701) (4774,2773) (4773,2774) (4426,2774) (4425,2773) (4425,2701) (4426,2700) > 
039 Tania  <  (2604,809) (2789,809) (2790,810) (2790,1189) (2789,1190) (2601,1190) (2600,1189) (2600,1175) (2601,1174) (2774,1174) (2774,1100) (2425,1100) (2425,1174) (2599,1174) (2600,1175) (2600,1189) (2599,1190) (2410,1190) (2409,1189) (2409,810) (2410,809) > 
Tureis  <  (4984,2700) (5173,2700) (5174,2701) (5174,2773) (5173,2774) (4826,2774) (4825,2773) (4825,2701) (4826,2700) > 
Fomalhaut  <  (2317,2702) (2373,2702) (2374,2703) (2374,2775) (2373,2776) (2026,2776) (2025,2775) (2025,2703) (2026,2702) > 
Mothallah  <  (3317,1502) (3573,1502) (3574,1503) (3574,1575) (3573,1576) (3226,1576) (3225,1575) (3225,1503) (3226,1502) > 
085 Zuben  <  (1773,2009) (1989,2009) (1990,2010) (1990,2389) (1989,2390) (1801,2390) (1800,2389) (1800,2375) (1801,2374) (1973,2374) (1973,2300) (1624,2300) (1624,2374) (1799,2374) (1800,2375) (1800,2389) (1799,2390) (1610,2390) (1609,2389) (1609,2010) (1610,2009) > 
065 Saiph  <  (206,1609) (389,1609) (390,1610) (390,1989) (389,1990) (201,1990) (200,1989) (200,1977) (201,1976) (373,1976) (373,1902) (24,1902) (24,1976) (199,1976) (200,1977) (200,1989) (199,1990) (10,1990) (9,1989) (9,1610) (10,1609) > 
092 Merak  <  (4583,2009) (4789,2009) (4790,2010) (4790,2389) (4789,2390) (4601,2390) (4600,2389) (4600,2375) (4601,2374) (4774,2374) (4774,2300) (4425,2300) (4425,2374) (4599,2374) (4600,2375) (4600,2389) (4599,2390) (4410,2390) (4409,2389) (4409,2010) (4410,2009) > 
Vindemiatrix  <  (3447,301) (3573,301) (3574,302) (3574,374) (3573,375) (3226,375) (3225,374) (3225,302) (3226,301) > 
024 Talitha  <  (2969,409) (3189,409) (3190,410) (3190,789) (3189,790) (3001,790) (3000,789) (3000,775) (3001,774) (3173,774) (3173,700) (2824,700) (2824,774) (2999,774) (3000,775) (3000,789) (2999,790) (2810,790) (2809,789) (2809,410) (2810,409) > 
Dziban  <  (5668,1100) (5972,1100) (5973,1101) (5973,1173) (5972,1174) (5625,1174) (5624,1173) (5624,1101) (5625,1100) > 
114 Ukdah  <  (608,2809) (789,2809) (790,2810) (790,3189) (789,3190) (601,3190) (600,3189) (600,3175) (601,3174) (773,3174) (773,3100) (424,3100) (424,3174) (599,3174) (600,3175) (600,3189) (599,3190) (410,3190) (409,3189) (409,2810) (410,2809) > 
115 Syrma  <  (954,2809) (1189,2809) (1190,2810) (1190,3189) (1189,3190) (1001,3190) (1000,3189) (1000,3177) (1001,3176) (1174,3176) (1174,3102) (825,3102) (825,3176) (999,3176) (1000,3177) (1000,3189) (999,3190) (810,3190) (809,3189) (809,2810) (810,2809) > 
015 Gianfar  <  (5815,9) (5989,9) (5990,10) (5990,389) (5989,390) (5801,390) (5800,389) (5800,375) (5801,374) (5974,374) (5974,300) (5625,300) (5625,374) (5799,374) (5800,375) (5800,389) (5799,390) (5610,390) (5609,389) (5609,10) (5610,9) > 
055 Merope  <  (2555,1209) (2789,1209) (2790,1210) (2790,1589) (2789,1590) (2601,1590) (2600,1589) (2600,1576) (2601,1575) (2774,1575) (2774,1501) (2425,1501) (2425,1575) (2599,1575) (2600,1576) (2600,1589) (2599,1590) (2410,1590) (2409,1589) (2409,1210) (2410,1209) > 
Heka  <  (3700,2701) (3973,2701) (3974,2702) (3974,2774) (3973,2775) (3626,2775) (3625,2774) (3625,2702) (3626,2701) > 
Pulcherrim  <  (3510,700) (3572,700) (3573,701) (3573,773) (3572,774) (3225,774) (3224,773) (3224,701) (3225,700) > 
Tabit  <  (212,1099) (374,1099) (375,1100) (375,1172) (374,1173) (27,1173) (26,1172) (26,1100) (27,1099) > 
Gianfar  <  (5791,300) (5973,300) (5974,301) (5974,373) (5973,374) (5626,374) (5625,373) (5625,301) (5626,300) > 
Rana  <  (1700,1101) (1972,1101) (1973,1102) (1973,1174) (1972,1175) (1625,1175) (1624,1174) (1624,1102) (1625,1101) > 
016 Zosma  <  (6264,9) (6389,9) (6390,10) (6390,389) (6389,390) (6201,390) (6200,389) (6200,375) (6201,374) (6374,374) (6374,300) (6025,300) (6025,374) (6199,374) (6200,375) (6200,389) (6199,390) (6010,390) (6009,389) (6009,10) (6010,9) > 
Cynosura  <  (1712,1502) (1972,1502) (1973,1503) (1973,1575) (1972,1576) (1625,1576) (1624,1575) (1624,1503) (1625,1502) > 
Vega  <  (1317,3101) (1573,3101) (1574,3102) (1574,3174) (1573,3175) (1226,3175) (1225,3174) (1225,3102) (1226,3101) > 
121 Meissa  <  (3273,2809) (3589,2809) (3590,2810) (3590,3189) (3589,3190) (3401,3190) (3400,3189) (3400,3175) (3401,3174) (3574,3174) (3574,3100) (3225,3100) (3225,3174) (3399,3174) (3400,3175) (3400,3189) (3399,3190) (3210,3190) (3209,3189) (3209,2810) (3210,2809) > 
Cheleb  <  (547,2300) (772,2300) (773,2301) (773,2373) (772,2374) (425,2374) (424,2373) (424,2301) (425,2300) > 
090 Procyon  <  (3811,2009) (3989,2009) (3990,2010) (3990,2389) (3989,2390) (3801,2390) (3800,2389) (3800,2375) (3801,2374) (3974,2374) (3974,2300) (3625,2300) (3625,2374) (3799,2374) (3800,2375) (3800,2389) (3799,2390) (3610,2390) (3609,2389) (3609,2010) (3610,2009) > 
Ksora  <  (3772,700) (3973,700) (3974,701) (3974,773) (3973,774) (3626,774) (3625,773) (3625,701) (3626,700) > 
053 Cynosura  <  (1813,1209) (1989,1209) (1990,1210) (1990,1589) (1989,1590) (1801,1590) (1800,1589) (1800,1577) (1801,1576) (1973,1576) (1973,1502) (1624,1502) (1624,1576) (1799,1576) (1800,1577) (1800,1589) (1799,1590) (1610,1590) (1609,1589) (1609,1210) (1610,1209) > 
Ascella  <  (5666,1900) (5974,1900) (5975,1901) (5975,1973) (5974,1974) (5627,1974) (5626,1973) (5626,1901) (5627,1900) > 
006 Auva  <  (2208,9) (2389,9) (2390,10) (2390,389) (2389,390) (2201,390) (2200,389) (2200,375) (2201,374) (2373,374) (2373,300) (2024,300) (2024,374) (2199,374) (2200,375) (2200,389) (2199,390) (2010,390) (2009,389) (2009,10) (2010,9) > 
111 Skat  <  (5810,2409) (5989,2409) (5990,2410) (5990,2789) (5989,2790) (5801,2790) (5800,2789) (5800,2776) (5801,2775) (5974,2775) (5974,2701) (5625,2701) (5625,2775) (5799,2775) (5800,2776) (5800,2789) (5799,2790) (5610,2790) (5609,2789) (5609,2410) (5610,2409) > 
095 Wei  <  (5841,2009) (5989,2009) (5990,2010) (5990,2389) (5989,2390) (5801,2390) (5800,2389) (5800,2375) (5801,2374) (5974,2374) (5974,2300) (5625,2300) (5625,2374) (5799,2374) (5800,2375) (5800,2389) (5799,2390) (5610,2390) (5609,2389) (5609,2010) (5610,2009) > 
Regulus  <  (610,2700) (772,2700) (773,2701) (773,2773) (772,2774) (425,2774) (424,2773) (424,2701) (425,2700) > 
099 Nekkar  <  (973,2409) (1189,2409) (1190,2410) (1190,2789) (1189,2790) (1001,2790) (1000,2789) (1000,2775) (1001,2774) (1174,2774) (1174,2700) (825,2700) (825,2774) (999,2774) (1000,2775) (1000,2789) (999,2790) (810,2790) (809,2789) (809,2410) (810,2409) > 
077 Vulpecula  <  (4959,1609) (5189,1609) (5190,1610) (5190,1989) (5189,1990) (5001,1990) (5000,1989) (5000,1976) (5001,1975) (5174,1975) (5174,1901) (4825,1901) (4825,1975) (4999,1975) (5000,1976) (5000,1989) (4999,1990) (4810,1990) (4809,1989) (4809,1610) (4810,1609) > 
030 Lynx  <  (5331,409) (5589,409) (5590,410) (5590,789) (5589,790) (5401,790) (5400,789) (5400,775) (5401,774) (5574,774) (5574,700) (5225,700) (5225,774) (5399,774) (5400,775) (5400,789) (5399,790) (5210,790) (5209,789) (5209,410) (5210,409) > 
113 Arcturis  <  (192,2809) (389,2809) (390,2810) (390,3189) (389,3190) (201,3190) (200,3189) (200,3176) (201,3175) (373,3175) (373,3101) (24,3101) (24,3175) (199,3175) (200,3176) (200,3189) (199,3190) (10,3190) (9,3189) (9,2810) (10,2809) > 
057 Mothallah  <  (3458,1209) (3589,1209) (3590,1210) (3590,1589) (3589,1590) (3401,1590) (3400,1589) (3400,1577) (3401,1576) (3574,1576) (3574,1502) (3225,1502) (3225,1576) (3399,1576) (3400,1577) (3400,1589) (3399,1590) (3210,1590) (3209,1589) (3209,1210) (3210,1209) > 
004 Kochab  <  (1425,9) (1589,9) (1590,10) (1590,389) (1589,390) (1401,390) (1400,389) (1400,376) (1401,375) (1573,375) (1573,301) (1224,301) (1224,375) (1399,375) (1400,376) (1400,389) (1399,390) (1210,390) (1209,389) (1209,10) (1210,9) > 
Segin  <  (5355,1902) (5573,1902) (5574,1903) (5574,1975) (5573,1976) (5226,1976) (5225,1975) (5225,1903) (5226,1902) > 
Auva  <  (2279,300) (2372,300) (2373,301) (2373,373) (2372,374) (2025,374) (2024,373) (2024,301) (2025,300) > 
079 Ascella  <  (5799,1609) (5989,1609) (5990,1610) (5990,1989) (5989,1990) (5801,1990) (5800,1989) (5800,1975) (5801,1974) (5975,1974) (5975,1900) (5626,1900) (5626,1974) (5799,1974) (5800,1975) (5800,1989) (5799,1990) (5610,1990) (5609,1989) (5609,1610) (5610,1609) > 
106 Heka  <  (3666,2409) (3989,2409) (3990,2410) (3990,2789) (3989,2790) (3801,2790) (3800,2789) (3800,2776) (3801,2775) (3974,2775) (3974,2701) (3625,2701) (3625,2775) (3799,2775) (3800,2776) (3800,2789) (3799,2790) (3610,2790) (3609,2789) (3609,2410) (3610,2409) > 
032 Cursa  <  (6079,409) (6389,409) (6390,410) (6390,789) (6389,790) (6201,790) (6200,789) (6200,776) (6201,775) (6374,775) (6374,701) (6025,701) (6025,775) (6199,775) (6200,776) (6200,789) (6199,790) (6010,790) (6009,789) (6009,410) (6010,409) > 
103 Kraz  <  (2620,2409) (2789,2409) (2790,2410) (2790,2789) (2789,2790) (2601,2790) (2600,2789) (2600,2775) (2601,2774) (2774,2774) (2774,2700) (2425,2700) (2425,2774) (2599,2774) (2600,2775) (2600,2789) (2599,2790) (2410,2790) (2409,2789) (2409,2410) (2410,2409) > 
Chara  <  (626,1500) (773,1500) (774,1501) (774,1573) (773,1574) (426,1574) (425,1573) (425,1501) (426,1500) > 
Yed  <  (4507,1900) (4773,1900) (4774,1901) (4774,1973) (4773,1974) (4426,1974) (4425,1973) (4425,1901) (4426,1900) > 
010 Homam  <  (3791,9) (3989,9) (3990,10) (3990,389) (3989,390) (3801,390) (3800,389) (3800,376) (3801,375) (3974,375) (3974,301) (3625,301) (3625,375) (3799,375) (3800,376) (3800,389) (3799,390) (3610,390) (3609,389) (3609,10) (3610,9) > 
044 Ceginus  <  (4606,809) (4789,809) (4790,810) (4790,1189) (4789,1190) (4601,1190) (4600,1189) (4600,1176) (4601,1175) (4774,1175) (4774,1101) (4425,1101) (4425,1175) (4599,1175) (4600,1176) (4600,1189) (4599,1190) (4410,1190) (4409,1189) (4409,810) (4410,809) > 
117 Indus  <  (1876,2809) (1989,2809) (1990,2810) (1990,3189) (1989,3190) (1801,3190) (1800,3189) (1800,3175) (1801,3174) (1974,3174) (1974,3100) (1625,3100) (1625,3174) (1799,3174) (1800,3175) (1800,3189) (1799,3190) (1610,3190) (1609,3189) (1609,2810) (1610,2809) > 
071 Ushakaran  <  (2611,1609) (2789,1609) (2790,1610) (2790,1989) (2789,1990) (2601,1990) (2600,1989) (2600,1975) (2601,1974) (2774,1974) (2774,1900) (2425,1900) (2425,1974) (2599,1974) (2600,1975) (2600,1989) (2599,1990) (2410,1990) (2409,1989) (2409,1610) (2410,1609) > 
Lesath  <  (222,700) (373,700) (374,701) (374,773) (373,774) (26,774) (25,773) (25,701) (26,700) > 
018 Asterion  <  (608,409) (789,409) (790,410) (790,789) (789,790) (601,790) (600,789) (600,775) (601,774) (773,774) (773,700) (424,700) (424,774) (599,774) (600,775) (600,789) (599,790) (410,790) (409,789) (409,410) (410,409) > 
Diadem  <  (5004,1500) (5173,1500) (5174,1501) (5174,1573) (5173,1574) (4826,1574) (4825,1573) (4825,1501) (4826,1500) > 
Skat  <  (5838,2701) (5973,2701) (5974,2702) (5974,2774) (5973,2775) (5626,2775) (5625,2774) (5625,2702) (5626,2701) > 
048 Errai  <  (6227,809) (6389,809) (6390,810) (6390,1189) (6389,1190) (6201,1190) (6200,1189) (6200,1175) (6201,1174) (6375,1174) (6375,1100) (6026,1100) (6026,1174) (6199,1174) (6200,1175) (6200,1189) (6199,1190) (6010,1190) (6009,1189) (6009,810) (6010,809) > 
Unuk  <  (2932,1500) (3173,1500) (3174,1501) (3174,1573) (3173,1574) (2826,1574) (2825,1573) (2825,1501) (2826,1500) > 
029 Subra  <  (4988,409) (5189,409) (5190,410) (5190,789) (5189,790) (5001,790) (5000,789) (5000,775) (5001,774) (5174,774) (5174,700) (4825,700) (4825,774) (4999,774) (5000,775) (5000,789) (4999,790) (4810,790) (4809,789) (4809,410) (4810,409) > 
Kleeia  <  (4527,300) (4772,300) (4773,301) (4773,373) (4772,374) (4425,374) (4424,373) (4424,301) (4425,300) > 
019 Hamal  <  (977,409) (1189,409) (1190,410) (1190,789) (1189,790) (1001,790) (1000,789) (1000,775) (1001,774) (1173,774) (1173,700) (824,700) (824,774) (999,774) (1000,775) (1000,789) (999,790) (810,790) (809,789) (809,410) (810,409) > 
046 Gatria  <  (5284,809) (5589,809) (5590,810) (5590,1189) (5589,1190) (5401,1190) (5400,1189) (5400,1175) (5401,1174) (5574,1174) (5574,1100) (5225,1100) (5225,1174) (5399,1174) (5400,1175) (5400,1189) (5399,1190) (5210,1190) (5209,1189) (5209,810) (5210,809) > 
007 Scheddi  <  (2584,9) (2789,9) (2790,10) (2790,389) (2789,390) (2601,390) (2600,389) (2600,375) (2601,374) (2773,374) (2773,300) (2424,300) (2424,374) (2599,374) (2600,375) (2600,389) (2599,390) (2410,390) (2409,389) (2409,10) (2410,9) > 
086 Zhou  <  (2227,2009) (2389,2009) (2390,2010) (2390,2389) (2389,2390) (2201,2390) (2200,2389) (2200,2376) (2201,2375) (2374,2375) (2374,2301) (2025,2301) (2025,2375) (2199,2375) (2200,2376) (2200,2389) (2199,2390) (2010,2390) (2009,2389) (2009,2010) (2010,2009) > 
021 Norma  <  (1752,409) (1989,409) (1990,410) (1990,789) (1989,790) (1801,790) (1800,789) (1800,774) (1801,773) (1973,773) (1973,699) (1624,699) (1624,773) (1799,773) (1800,774) (1800,789) (1799,790) (1610,790) (1609,789) (1609,410) (1610,409) > 
037 Rana  <  (1721,809) (1989,809) (1990,810) (1990,1189) (1989,1190) (1801,1190) (1800,1189) (1800,1176) (1801,1175) (1973,1175) (1973,1101) (1624,1101) (1624,1175) (1799,1175) (1800,1176) (1800,1189) (1799,1190) (1610,1190) (1609,1189) (1609,810) (1610,809) > 
058 Zibal  <  (3905,1209) (3989,1209) (3990,1210) (3990,1589) (3989,1590) (3801,1590) (3800,1589) (3800,1576) (3801,1575) (3974,1575) (3974,1501) (3625,1501) (3625,1575) (3799,1575) (3800,1576) (3800,1589) (3799,1590) (3610,1590) (3609,1589) (3609,1210) (3610,1209) > 
109 Tureis  <  (4959,2409) (5189,2409) (5190,2410) (5190,2789) (5189,2790) (5001,2790) (5000,2789) (5000,2775) (5001,2774) (5174,2774) (5174,2700) (4825,2700) (4825,2774) (4999,2774) (5000,2775) (5000,2789) (4999,2790) (4810,2790) (4809,2789) (4809,2410) (4810,2409) > 
110 Sterope  <  (5381,2409) (5589,2409) (5590,2410) (5590,2789) (5589,2790) (5401,2790) (5400,2789) (5400,2775) (5401,2774) (5574,2774) (5574,2700) (5225,2700) (5225,2774) (5399,2774) (5400,2775) (5400,2789) (5399,2790) (5210,2790) (5209,2789) (5209,2410) (5210,2409) > 
120 Phact  <  (2999,2809) (3189,2809) (3190,2810) (3190,3189) (3189,3190) (3001,3190) (3000,3189) (3000,3176) (3001,3175) (3174,3175) (3174,3101) (2825,3101) (2825,3175) (2999,3175) (3000,3176) (3000,3189) (2999,3190) (2810,3190) (2809,3189) (2809,2810) (2810,2809) > 
Yildun  <  (5497,3101) (5572,3101) (5573,3102) (5573,3174) (5572,3175) (5225,3175) (5224,3174) (5224,3102) (5225,3101) > 
Phact  <  (2914,3101) (3173,3101) (3174,3102) (3174,3174) (3173,3175) (2826,3175) (2825,3174) (2825,3102) (2826,3101) > 
Tania  <  (2575,1100) (2773,1100) (2774,1101) (2774,1173) (2773,1174) (2426,1174) (2425,1173) (2425,1101) (2426,1100) > 
Acamar  <  (2963,2700) (3174,2700) (3175,2701) (3175,2773) (3174,2774) (2827,2774) (2826,2773) (2826,2701) (2827,2700) > 
075 Capella  <  (4223,1609) (4389,1609) (4390,1610) (4390,1989) (4389,1990) (4201,1990) (4200,1989) (4200,1976) (4201,1975) (4374,1975) (4374,1901) (4025,1901) (4025,1975) (4199,1975) (4200,1976) (4200,1989) (4199,1990) (4010,1990) (4009,1989) (4009,1610) (4010,1609) > 
094 Hydrobius  <  (5470,2009) (5589,2009) (5590,2010) (5590,2389) (5589,2390) (5401,2390) (5400,2389) (5400,2376) (5401,2375) (5574,2375) (5574,2301) (5225,2301) (5225,2375) (5399,2375) (5400,2376) (5400,2389) (5399,2390) (5210,2390) (5209,2389) (5209,2010) (5210,2009) > 
Sadira  <  (6150,2300) (6373,2300) (6374,2301) (6374,2373) (6373,2374) (6026,2374) (6025,2373) (6025,2301) (6026,2300) > 
102 Fomalhaut  <  (2242,2409) (2389,2409) (2390,2410) (2390,2789) (2389,2790) (2201,2790) (2200,2789) (2200,2777) (2201,2776) (2374,2776) (2374,2702) (2025,2702) (2025,2776) (2199,2776) (2200,2777) (2200,2789) (2199,2790) (2010,2790) (2009,2789) (2009,2410) (2010,2409) > 
056 Unuk  <  (2909,1209) (3189,1209) (3190,1210) (3190,1589) (3189,1590) (3001,1590) (3000,1589) (3000,1575) (3001,1574) (3174,1574) (3174,1500) (2825,1500) (2825,1574) (2999,1574) (3000,1575) (3000,1589) (2999,1590) (2810,1590) (2809,1589) (2809,1210) (2810,1209) > 
Avior  <  (4217,1100) (4373,1100) (4374,1101) (4374,1173) (4373,1174) (4026,1174) (4025,1173) (4025,1101) (4026,1100) > 
101 Kitalpha  <  (1757,2409) (1989,2409) (1990,2410) (1990,2789) (1989,2790) (1801,2790) (1800,2789) (1800,2775) (1801,2774) (1974,2774) (1974,2700) (1625,2700) (1625,2774) (1799,2774) (1800,2775) (1800,2789) (1799,2790) (1610,2790) (1609,2789) (1609,2410) (1610,2409) > 
002 Pyxis  <  (611,9) (789,9) (790,10) (790,389) (789,390) (601,390) (600,389) (600,376) (601,375) (775,375) (775,301) (426,301) (426,375) (599,375) (600,376) (600,389) (599,390) (410,390) (409,389) (409,10) (410,9) > 